2.954566430820786405e-01 2.627074874824087414e-01 2.627074874824087414e-01 2.627074874824087414e-01 2.627074874824087414e-01
2.541218284527278493e-01 2.150118701794806464e-01 2.150118701794806464e-01 2.150118701794806464e-01 2.150118701794806464e-01
2.077013687633887939e-01 1.906924541649624161e-01 1.906924541649624161e-01 1.906924541649624161e-01 1.906924541649624161e-01
2.942432476720500123e-01 2.942432476720500123e-01 2.942432476720500123e-01 2.942432476720500123e-01 2.942432476720500123e-01
2.440708240457842293e-01 2.312689498463425808e-01 2.312689498463425808e-01 2.312689498463425808e-01 2.312689498463425808e-01
9.863220162378909250e-02 1.432724986493728869e-01 1.432724986493728869e-01 1.432724986493728869e-01 1.432724986493728869e-01
1.044525751797049096e-01 1.118294004277104320e-01 1.851140273707255202e-01 1.851140273707255202e-01 1.851140273707255202e-01
1.205435470226224604e-01 1.062456612016254714e-01 1.048481123054233743e-01 1.048481123054233743e-01 1.048481123054233743e-01
2.146719970965448310e-01 2.352245025869954820e-01 2.146719970965448310e-01 2.146719970965448310e-01 2.146719970965448310e-01
7.179430489029035856e-02 8.360583202895560673e-02 7.179430489029035856e-02 7.179430489029035856e-02 7.179430489029035856e-02
8.060244707693614563e-02 8.060244707693614563e-02 8.060244707693614563e-02 8.060244707693614563e-02 8.060244707693614563e-02
5.807673421221477839e-02 5.807673421221477839e-02 5.807673421221477839e-02 5.807673421221477839e-02 5.807673421221477839e-02
6.593155541523225416e-02 6.593155541523225416e-02 6.593155541523225416e-02 6.593155541523225416e-02 6.593155541523225416e-02
9.593028055733120174e-02 9.331830571020285903e-02 9.331830571020285903e-02 9.331830571020285903e-02 9.331830571020285903e-02
9.192635728201484224e-02 9.192635728201484224e-02 9.299761975524559188e-02 9.299761975524559188e-02 9.299761975524559188e-02
7.629722419371906539e-02 7.629722419371906539e-02 7.333351368661772396e-02 7.333351368661772396e-02 7.333351368661772396e-02
7.475458637070822587e-02 7.983433351636036457e-02 7.983433351636036457e-02 7.983433351636036457e-02 7.983433351636036457e-02
1.303494949986641616e-01 1.201934030082830313e-01 1.236843520141848868e-01 1.236843520141848868e-01 1.236843520141848868e-01
6.989950631208868836e-02 6.546794224161411879e-02 6.403805723277586348e-02 6.546794224161411879e-02 6.546794224161411879e-02
6.094375899446518446e-02 7.419651847324851279e-02 7.154038948684295074e-02 7.419651847324851279e-02 7.419651847324851279e-02
6.507799310208275956e-02 5.999995484274850410e-02 5.999995484274850410e-02 6.507799310208275956e-02 6.507799310208275956e-02
8.368074738215404429e-02 8.368074738215404429e-02 8.870424318858775858e-02 7.991279561351025129e-02 7.991279561351025129e-02
7.433631075781792219e-02 8.021353014387588853e-02 7.072732251409451221e-02 7.433631075781792219e-02 7.433631075781792219e-02
8.886344560669709458e-02 8.959357410111218334e-02 1.047664213518044313e-01 1.024705417624228593e-01 1.024705417624228593e-01
6.206439946126234702e-02 6.221698402489622692e-02 6.221698402489622692e-02 6.206439946126234702e-02 6.206439946126234702e-02
5.718847579549220239e-02 5.718847579549220239e-02 5.718847579549220239e-02 6.089296290536674872e-02 6.089296290536674872e-02
4.921154565472653925e-02 4.661577500670095742e-02 4.661577500670095742e-02 3.634697566053247952e-02 3.634697566053247952e-02
7.553614603839332864e-02 7.273452373202642096e-02 7.426669241655267650e-02 7.553614603839332864e-02 7.553614603839332864e-02
8.999121271431231861e-02 8.999121271431231861e-02 8.999121271431231861e-02 8.999121271431231861e-02 8.999121271431231861e-02
7.507662689836772096e-02 7.507662689836772096e-02 7.507662689836772096e-02 7.507662689836772096e-02 7.507662689836772096e-02
7.295833596050227410e-02 8.173947754152997847e-02 8.173947754152997847e-02 8.173947754152997847e-02 8.173947754152997847e-02
7.936462417554676629e-02 7.936462417554676629e-02 7.191248348627347908e-02 7.191248348627347908e-02 7.191248348627347908e-02
5.567864571869893253e-02 6.318848141820178343e-02 6.318848141820178343e-02 5.567864571869893253e-02 5.567864571869893253e-02
1.410978237164656202e-01 1.561657772152813817e-01 1.561657772152813817e-01 1.686742985661708327e-01 1.686742985661708327e-01
1.111273734257394313e-01 1.100492071437641078e-01 1.100492071437641078e-01 1.238218651251634245e-01 1.238218651251634245e-01
7.781429085997662587e-02 7.781429085997662587e-02 7.781429085997662587e-02 7.781429085997662587e-02 7.781429085997662587e-02
7.526249181969456303e-02 6.894912649337905930e-02 8.017269717337512092e-02 8.017269717337512092e-02 8.017269717337512092e-02
1.070227707041064430e-01 1.070227707041064430e-01 1.139170621240745279e-01 1.295471719803407140e-01 1.295471719803407140e-01
8.566329187305292414e-02 7.346776897150460173e-02 8.566329187305292414e-02 9.514229231216696225e-02 9.514229231216696225e-02
7.726966251719422085e-02 7.726966251719422085e-02 9.597087925278140197e-02 1.067836824303969867e-01 1.067836824303969867e-01
6.323203088946771633e-02 6.323203088946771633e-02 7.128459897957775682e-02 7.659017731506624627e-02 7.659017731506624627e-02
7.244435793169130833e-02 7.244435793169130833e-02 6.951212130599725147e-02 8.504700583973125172e-02 8.504700583973125172e-02
8.993523199137594404e-02 9.260373104983621317e-02 9.260373104983621317e-02 1.250757405333382810e-01 1.250757405333382810e-01
1.083426378506331111e-01 1.066655213230651156e-01 1.040563546406101797e-01 1.083426378506331111e-01 1.083426378506331111e-01
1.063406353859869397e-01 9.658811474465309188e-02 9.658811474465309188e-02 1.059900948617024247e-01 1.059900948617024247e-01
6.849034527808237072e-02 7.134240966121002669e-02 7.134240966121002669e-02 8.041133611912415491e-02 8.041133611912415491e-02
6.930483177785398685e-02 7.255549777521443089e-02 6.930483177785398685e-02 8.665615328714762478e-02 8.665615328714762478e-02
8.075977425335155446e-02 8.075977425335155446e-02 7.004154785947835915e-02 9.065585421433366986e-02 9.065585421433366986e-02
8.890394689896304048e-02 8.275299457204315923e-02 8.890394689896304048e-02 9.062886642625128664e-02 9.062886642625128664e-02
7.375778068119596964e-02 6.232755393540605204e-02 6.232755393540605204e-02 7.375778068119596964e-02 7.375778068119596964e-02
1.158010800462579565e-01 7.018112580601584827e-02 7.135494946269821392e-02 8.043002877795754624e-02 8.043002877795754624e-02
6.284872489868520429e-02 6.284872489868520429e-02 6.284872489868520429e-02 6.837316092415593460e-02 6.837316092415593460e-02
7.453314417933136482e-02 7.453314417933136482e-02 7.453314417933136482e-02 7.616390434847614133e-02 7.616390434847614133e-02
6.625903094662383142e-02 6.678287931238804931e-02 6.678287931238804931e-02 7.492281168713031680e-02 7.492281168713031680e-02
6.686049659915618837e-02 6.084553527030189118e-02 6.066451934937878293e-02 6.686049659915618837e-02 6.686049659915618837e-02
7.439486753866152158e-02 7.439486753866152158e-02 6.364981025044529062e-02 7.261527247224459913e-02 7.261527247224459913e-02
8.207189798367553468e-02 8.178293377809775500e-02 8.178293377809775500e-02 8.207189798367553468e-02 8.207189798367553468e-02
9.040987901719939324e-02 8.538190553309524256e-02 9.040987901719939324e-02 8.538190553309524256e-02 8.538190553309524256e-02
6.653876588554291649e-02 7.151681703328542639e-02 7.151681703328542639e-02 7.982840221268758252e-02 7.982840221268758252e-02
7.055191052806433771e-02 7.055191052806433771e-02 8.369709684395945648e-02 8.908107106262103114e-02 8.908107106262103114e-02
6.762057405168263313e-02 7.331828745892646215e-02 6.796234589471635001e-02 8.400524456001941254e-02 8.400524456001941254e-02
7.794816924843839256e-02 7.794816924843839256e-02 7.794816924843839256e-02 8.203343272065127811e-02 8.203343272065127811e-02
7.964389605913850534e-02 7.333761228141262578e-02 7.333761228141262578e-02 7.663762217214198369e-02 7.663762217214198369e-02
7.241650691107441584e-02 7.595332890678387072e-02 7.595332890678387072e-02 9.076047798371066067e-02 9.076047798371066067e-02
7.418606775663125208e-02 7.418606775663125208e-02 7.418606775663125208e-02 7.846651927730864673e-02 7.846651927730864673e-02
6.764609274059958655e-02 6.764609274059958655e-02 6.764609274059958655e-02 7.940166383401277284e-02 7.940166383401277284e-02
6.380993790786936015e-02 6.380993790786936015e-02 6.883810161333933642e-02 9.563915731981452450e-02 9.563915731981452450e-02
7.113021181232653811e-02 7.592061714014432250e-02 7.485469103579640848e-02 8.190758897678972195e-02 8.180359379101931339e-02
5.861441439915214546e-02 6.713416495066387712e-02 7.441098004704156665e-02 8.437322518956773265e-02 8.456044008102160670e-02
7.668862552868814519e-02 7.399668127071881707e-02 7.935228360224938493e-02 9.719709697365380707e-02 9.994186353840811554e-02
5.335912037191195556e-02 5.335912037191195556e-02 6.305972693780426130e-02 8.774991832098340272e-02 8.984763377430568521e-02
7.685991494895315357e-02 6.599621817602976948e-02 6.602515292542494862e-02 8.198223023060623171e-02 8.198223023060623171e-02
8.304980873289681542e-02 8.304980873289681542e-02 8.372856495707857449e-02 1.213676522844473332e-01 1.213676522844473332e-01
7.961847107285997815e-02 7.943165884503197716e-02 8.186266071248998744e-02 1.112950998665238750e-01 1.135669546559830295e-01
5.518773080627385752e-02 5.518773080627385752e-02 8.158681168158488095e-02 1.206281106635176542e-01 1.233176922884894333e-01
6.744359350506597128e-02 6.744359350506597128e-02 7.407106691769520246e-02 1.083642948613030704e-01 1.083642948613030704e-01
6.735821994212028152e-02 6.735821994212028152e-02 8.360767070563504544e-02 1.248325288349483309e-01 1.248325288349483309e-01
5.948176673467087811e-02 5.948176673467087811e-02 6.531791076555751308e-02 1.153776471895365113e-01 1.153776471895365113e-01
7.164533810518514123e-02 7.164533810518514123e-02 6.308500318759623082e-02 9.130245977746542785e-02 9.588002725979706542e-02
5.430605846504663742e-02 5.044594815087647538e-02 6.634543111471660759e-02 1.071743401154468117e-01 1.193240277497874396e-01
5.747660432629652510e-02 5.747660432629652510e-02 5.747660432629652510e-02 1.056759946583872151e-01 1.099817232050482735e-01
5.765784653257556569e-02 5.765784653257556569e-02 5.765784653257556569e-02 9.973936090629757778e-02 1.043667655437931080e-01
4.677108211206113669e-02 4.677108211206113669e-02 4.677108211206113669e-02 8.009685358829621293e-02 8.510262802847955166e-02
6.087573946806991432e-02 6.087573946806991432e-02 6.087573946806991432e-02 9.719643972709568480e-02 9.597033036587077071e-02
5.985204343179086756e-02 5.985204343179086756e-02 5.985204343179086756e-02 9.303820850495915507e-02 9.792080559030780229e-02
5.577292094966225522e-02 5.577292094966225522e-02 5.577292094966225522e-02 8.861784060984598255e-02 9.585232864121059904e-02
8.429707546494225046e-02 8.307375528444808921e-02 8.307375528444808921e-02 8.814950452692141281e-02 9.510857201749413348e-02
6.562646778369274347e-02 5.984222898552864905e-02 5.984222898552864905e-02 1.004912408654595052e-01 1.204710550304944894e-01
5.133869037225714110e-02 5.522087481911830409e-02 5.522087481911830409e-02 7.977956602215412196e-02 9.130789930743347937e-02
6.413294484398568418e-02 7.950998423394008141e-02 7.480919275454941952e-02 1.043352820777169038e-01 1.117625234986115296e-01
5.878562575571501247e-02 5.878562575571501247e-02 5.774324608951527521e-02 7.416702808056306606e-02 8.040493209055096790e-02
8.322275129228441648e-02 6.621171827945122879e-02 8.322275129228441648e-02 7.977183015729315263e-02 9.085451395751750758e-02
6.913019493641467395e-02 7.277173301746743539e-02 7.277173301746743539e-02 8.285827214252466932e-02 1.009217421781908874e-01
6.098682476596376661e-02 6.098682476596376661e-02 6.098682476596376661e-02 1.008322882363875822e-01 1.184249030344060455e-01
8.276528990715058265e-02 8.276528990715058265e-02 8.250160720859088526e-02 7.744231085424209404e-02 8.092596818115088686e-02
4.551013939309634521e-02 4.551013939309634521e-02 4.551013939309634521e-02 7.853112864346607769e-02 8.184626009666162716e-02
7.708198661887126490e-02 7.708198661887126490e-02 7.708198661887126490e-02 9.190844885007369569e-02 1.015471612367912085e-01
3.838878452676652148e-02 3.838878452676652148e-02 3.838878452676652148e-02 5.091494324058171844e-02 6.293721927465216470e-02
6.292006570736377591e-02 5.867530851404512832e-02 5.867530851404512832e-02 7.583593397920770918e-02 9.861461212162429824e-02
2.664881129314349006e-02 2.664881129314349006e-02 2.664881129314349006e-02 5.832724185774126185e-02 8.215096390501028245e-02
3.318487160376058093e-02 3.318487160376058093e-02 3.318487160376058093e-02 5.492309118548074215e-02 6.706605545076770036e-02
2.007104240996286995e-02 2.007104240996286995e-02 2.007104240996286995e-02 3.589566104650025041e-02 4.451043322293525561e-02
4.514839312164740243e-02 4.514839312164740243e-02 4.514839312164740243e-02 6.246147352031017341e-02 8.960644590240463003e-02
3.363593050895705844e-02 3.363593050895705844e-02 3.363593050895705844e-02 6.016807786088145676e-02 8.344142711201039952e-02
3.827964356693207976e-02 3.827964356693207976e-02 3.827964356693207976e-02 4.879596507065739330e-02 6.497077076993414135e-02
4.180694827419331738e-02 4.153042942851253166e-02 4.153042942851253166e-02 5.393732222062429943e-02 7.341828160315168328e-02
3.660588967689059475e-02 3.660588967689059475e-02 3.660588967689059475e-02 6.776269844645362028e-02 9.413737235475244658e-02
3.935491718524783411e-02 3.935491718524783411e-02 4.216498103270442666e-02 4.901365842552593555e-02 8.188148254035380880e-02
2.406636244306734063e-02 3.195329254190751311e-02 2.406636244306734063e-02 4.158193656977449831e-02 7.289208441639877245e-02
3.691064438358497568e-02 3.691064438358497568e-02 3.691064438358497568e-02 4.417144782158342192e-02 6.870766544368953066e-02
3.211953449671799826e-02 3.790846555480725105e-02 3.211953449671799826e-02 3.852866493479668170e-02 5.863904968798330786e-02
3.637372197409700220e-02 3.484250026461585548e-02 3.484250026461585548e-02 5.537305140108472745e-02 8.270517575934048515e-02
3.868022532574147410e-02 3.051469652704668148e-02 3.051469652704668148e-02 3.990820205502896428e-02 6.181683212504045927e-02
5.260794377504697528e-02 5.260794377504697528e-02 5.260794377504697528e-02 5.143024101277555993e-02 7.243567282420206033e-02
2.887715418939654222e-02 2.887715418939654222e-02 2.887715418939654222e-02 4.256267573393935494e-02 5.959444294106391177e-02
3.459800080951071916e-02 2.985501450403382773e-02 2.985501450403382773e-02 3.962859785891265085e-02 5.301455083772086546e-02
4.669768363318560489e-02 3.582428755273691506e-02 3.941507885966680919e-02 4.669768363318560489e-02 6.633242533695292431e-02
4.653276100834762702e-02 4.703274408581732680e-02 4.703274408581732680e-02 4.511783450018743563e-02 7.222635841801092194e-02
3.848446976383192858e-02 3.714272067131398070e-02 3.714272067131398070e-02 3.848446976383192858e-02 6.732169527908991868e-02
4.227404077908809149e-02 4.227404077908809149e-02 3.385273155070008672e-02 4.227404077908809149e-02 7.110545459196093709e-02
3.861594989262685795e-02 3.861594989262685795e-02 4.240260361592233795e-02 4.499908219458747388e-02 5.631183138955480477e-02
3.902888632360231036e-02 3.902888632360231036e-02 4.230301663248475785e-02 4.424312857522232773e-02 4.757335470897290641e-02
3.105520828916503648e-02 3.105520828916503648e-02 3.105520828916503648e-02 4.585043661352158906e-02 5.014514822446890230e-02
4.724511938408842288e-02 4.001254475105098934e-02 4.001254475105098934e-02 3.316479867191808595e-02 3.841907576582143102e-02
7.626041728067345371e-02 6.836416381816276533e-02 6.836416381816276533e-02 9.573728523634029985e-02 8.541960488649236183e-02
4.903268172291229410e-02 4.903268172291229410e-02 4.903268172291229410e-02 5.619792463923421050e-02 6.389960607796676961e-02
3.720658972546264653e-02 3.213432797140407943e-02 3.720658972546264653e-02 4.942726039125073384e-02 4.063352427437258441e-02
6.825715881837067511e-02 5.690452417572296889e-02 5.920404193650297825e-02 8.362093576192686228e-02 7.496865892100873507e-02
5.040710544557686079e-02 5.810110057368823855e-02 5.318292683269985888e-02 9.512935668135961975e-02 7.243524475543115793e-02
8.583798444951649953e-02 6.625291702780242153e-02 6.733704370806491146e-02 8.719483202605138317e-02 8.951380413558283899e-02
6.853500630818093464e-02 6.569610522005973896e-02 6.569610522005973896e-02 1.044604809938960155e-01 8.639783784569136926e-02
5.749276431206867821e-02 5.749276431206867821e-02 5.749276431206867821e-02 8.867942500829358032e-02 1.005190074737801892e-01
4.835473074270173893e-02 5.657616088163968521e-02 5.657616088163968521e-02 8.976299521296798867e-02 7.710110381352409947e-02
4.966082196452054759e-02 4.689018398054692338e-02 4.689018398054692338e-02 8.706876501039963190e-02 7.478857887016140960e-02
5.713532826857481428e-02 6.265914087765404872e-02 5.519348066697553346e-02 1.206358952031161974e-01 8.985229328809134219e-02
4.819154017660649131e-02 4.463124763313585514e-02 4.819154017660649131e-02 1.135359995200673905e-01 6.679999271296860330e-02
9.794123705213049480e-02 9.794123705213049480e-02 9.264311242077918895e-02 1.526038949816204970e-01 1.007942077553839050e-01
6.644658079169116216e-02 7.977629851880298217e-02 7.725245563459963438e-02 1.719287124788063392e-01 1.258938625488946750e-01
6.900507048833486035e-02 5.878083898156578196e-02 6.900507048833486035e-02 1.517224395459665365e-01 9.988163839395194921e-02
7.972693660979401908e-02 7.972693660979401908e-02 7.972693660979401908e-02 1.402552835052293112e-01 1.165388172553542268e-01
5.593006152124035957e-02 5.593006152124035957e-02 5.593006152124035957e-02 1.303335795832258892e-01 9.374427016943338853e-02
5.226025026282066915e-02 5.226025026282066915e-02 5.226025026282066915e-02 1.126488138228965152e-01 1.285075324098901017e-01
6.537820030647352454e-02 5.778626916763648230e-02 5.778626916763648230e-02 1.015454075893309077e-01 1.060492017462246472e-01
5.473274604613849459e-02 4.642871428297017794e-02 4.642871428297017794e-02 1.029005915536925914e-01 9.007987348312897213e-02
6.229543719034594945e-02 6.229543719034594945e-02 6.229543719034594945e-02 1.263532797810924535e-01 1.272659210059309265e-01
8.020545465892782444e-02 7.187097240380528607e-02 7.187097240380528607e-02 1.210771485347022641e-01 1.054423059136782442e-01
6.771513421629904439e-02 6.771513421629904439e-02 7.080547578097219630e-02 1.761373397710417066e-01 2.173182745019691109e-01
7.403781607220510930e-02 7.403781607220510930e-02 6.790539264351540261e-02 1.674775770291112298e-01 1.465427314153586458e-01
6.079490355225705689e-02 6.079490355225705689e-02 6.079490355225705689e-02 1.051954517520174576e-01 1.086689633770956814e-01
1.039601137368193068e-01 1.039601137368193068e-01 1.039601137368193068e-01 2.160746622380035065e-01 1.854834800294385688e-01
7.750957836959983249e-02 6.882850213613873891e-02 7.750957836959983249e-02 1.707430944667816530e-01 1.171935597921483219e-01
8.378281249292050814e-02 8.156169226797187199e-02 8.156169226797187199e-02 1.642283517125275871e-01 1.808290944345326834e-01
6.007515886431819691e-02 6.007515886431819691e-02 6.007515886431819691e-02 1.340796221476436290e-01 1.180125543234118168e-01
6.162475253456681928e-02 6.162475253456681928e-02 6.162475253456681928e-02 1.408796610194231191e-01 1.438841055682012204e-01
5.345135901071326745e-02 5.345135901071326745e-02 5.345135901071326745e-02 1.095285136741175336e-01 1.275590170444963756e-01
5.935573896085197254e-02 5.935573896085197254e-02 5.935573896085197254e-02 1.127705532021895385e-01 1.317162427544376346e-01
8.487769852179012642e-02 1.133813165063206896e-01 1.133813165063206896e-01 1.462550938765732333e-01 1.771810751064293032e-01
7.963439653330917078e-02 6.940932584227865743e-02 6.940932584227865743e-02 1.003806352805150515e-01 1.210686807806223009e-01
3.696608442910974401e-02 3.696608442910974401e-02 4.304028582460295987e-02 9.265952306965327678e-02 1.115287749180657595e-01
9.660061730342793529e-02 9.660061730342793529e-02 9.660061730342793529e-02 1.056394310739726394e-01 1.114096780734835090e-01
6.412588427638388211e-02 6.412588427638388211e-02 6.412588427638388211e-02 8.374229793663186261e-02 8.913712993560819753e-02
7.650968265216874509e-02 7.650968265216874509e-02 7.650968265216874509e-02 1.145592175164061033e-01 1.222059206400844117e-01
7.187611117340536593e-02 6.325268708567222120e-02 6.325268708567222120e-02 7.426865180442240866e-02 1.018915268455260620e-01
5.660983850050554239e-02 5.660983850050554239e-02 5.660983850050554239e-02 7.045712887327369722e-02 9.716042616776458807e-02
8.769322748482338836e-02 7.685169322306853457e-02 7.685169322306853457e-02 8.769322748482338836e-02 1.054280833652102012e-01
6.043819277685860691e-02 6.570855338211192831e-02 6.570855338211192831e-02 6.043819277685860691e-02 8.075104077656797275e-02
7.842857552072984850e-02 7.842857552072984850e-02 7.842857552072984850e-02 7.503327812398635777e-02 9.311120582394638578e-02
4.913919119793649232e-02 4.913919119793649232e-02 4.913919119793649232e-02 6.396856833722755487e-02 8.841203931709074038e-02
5.500133546376027860e-02 5.500133546376027860e-02 5.500133546376027860e-02 6.768637161810056591e-02 1.033370821528586114e-01
4.909229965874974122e-02 4.909229965874974122e-02 4.909229965874974122e-02 7.111987450739364058e-02 9.384552085681951983e-02
8.087401009912414951e-02 8.087401009912414951e-02 8.217138815338555224e-02 8.117384199862755223e-02 9.192521372615251873e-02
3.895179689344240026e-02 3.895179689344240026e-02 3.895179689344240026e-02 4.575018834289712455e-02 6.597164275528534516e-02
5.501429868601134116e-02 5.389993656801804478e-02 5.389993656801804478e-02 5.377926663193237367e-02 7.925606171943576361e-02
5.284011212651588962e-02 5.284011212651588962e-02 5.284011212651588962e-02 4.795287989285351021e-02 6.808679989771877772e-02
6.234766536318529784e-02 5.949294342594912965e-02 5.949294342594912965e-02 6.817152368566141429e-02 8.585035943821776871e-02
6.266789403359211696e-02 6.266789403359211696e-02 6.266789403359211696e-02 6.077467893560032502e-02 8.573905830947892159e-02
6.085509417750732675e-02 5.709541987763677717e-02 5.709541987763677717e-02 6.515206071015004763e-02 7.749111071154864139e-02
5.217630271879323406e-02 5.217630271879323406e-02 5.217630271879323406e-02 7.220647220515967468e-02 7.925908010101315182e-02
6.706853398924751686e-02 6.706853398924751686e-02 6.706853398924751686e-02 7.298222263910718322e-02 8.540851641067527533e-02
4.321739115295780698e-02 4.321739115295780698e-02 4.321739115295780698e-02 5.926003612085937317e-02 7.630080999428869026e-02
6.026238190361137004e-02 6.026238190361137004e-02 6.026238190361137004e-02 7.192149507062406411e-02 8.806588521930830415e-02
5.815899520444163528e-02 5.007685275077219250e-02 5.007685275077219250e-02 5.815899520444163528e-02 7.541042841257201979e-02
4.652147472187172228e-02 4.679435828456048746e-02 4.679435828456048746e-02 5.877043361766417368e-02 6.863379955615198091e-02
5.106757957590254277e-02 4.710830509225510249e-02 4.710830509225510249e-02 6.473938005639290338e-02 7.311908907665359836e-02
6.018599466441645202e-02 5.838244081106906680e-02 5.838244081106906680e-02 6.991318834166179719e-02 7.219374645433211668e-02
5.180153027437917057e-02 5.180153027437917057e-02 5.180153027437917057e-02 6.445447236536823443e-02 7.746115741584136405e-02
6.540323981180079516e-02 6.540323981180079516e-02 6.540323981180079516e-02 8.071393136297269622e-02 7.594877783084851008e-02
3.444055891618673371e-02 5.022463641219759856e-02 5.022463641219759856e-02 6.449137774801065592e-02 6.466478948762433010e-02
4.824938671441297844e-02 5.998085632197476535e-02 5.998085632197476535e-02 7.341144717541758791e-02 7.259989577692335661e-02
4.585015785941277955e-02 4.585015785941277955e-02 5.044580650886568846e-02 6.282593523254904888e-02 6.541326723954789257e-02
5.675920897345418381e-02 4.851369378321756382e-02 5.675920897345418381e-02 8.242722695772179697e-02 7.973191425849457392e-02
