3.474275969964839561e-01
2.322299497060350826e-01
1.664283817572380086e-01
2.156479533446777341e-01
2.185064071298461752e-01
1.340516661004936549e-01
9.283974245768956968e-02
1.221171134272755060e-01
1.754119699790571141e-01
5.681798084622866063e-02
7.577250879892229174e-02
4.851525766533805462e-02
6.743037993863976176e-02
9.767920448943012701e-02
8.824937204269509006e-02
8.363782257853720481e-02
7.819187116417786187e-02
9.479358507466033312e-02
6.387505041738414380e-02
9.076826891468689484e-02
7.067671213723050738e-02
7.105610901356612663e-02
7.930233721212121001e-02
8.155824756024923627e-02
1.019303289931144801e-01
5.650365873399882527e-02
6.262941425119286643e-02
6.158098598944254654e-02
8.602154131873608611e-02
7.864128159331312817e-02
5.707054953776052875e-02
5.018092749385073825e-02
8.579196927241304615e-02
1.074023856264907095e-01
1.169389090117349678e-01
7.675611274248408944e-02
8.420506400893688903e-02
1.215781921445164282e-01
8.602233803497522091e-02
1.378808006264436448e-01
8.735795721012758197e-02
8.221898171885992646e-02
7.995385712933154865e-02
9.113913286665074887e-02
7.349213837000129201e-02
7.876388706085188374e-02
7.365784357494059575e-02
7.137807487077392488e-02
9.311450686238892382e-02
7.025280260356399353e-02
8.378254420476043129e-02
8.496086941837555084e-02
7.705239793330492803e-02
7.084815414116514554e-02
7.476931355958985059e-02
8.667828105398797667e-02
6.730094054174040608e-02
7.298317729096050199e-02
7.821527607260680970e-02
5.368452670601087801e-02
6.672811882173906861e-02
7.805271530191185136e-02
8.071365268904077961e-02
8.102436727197745436e-02
8.053922869404496476e-02
6.856526147222181955e-02
6.882413278015038494e-02
6.779926826316140520e-02
7.945129006193810128e-02
7.543840478030851282e-02
6.240086057278523834e-02
8.802514564120489382e-02
6.948490040293327230e-02
7.146154635027750224e-02
4.955432588921265813e-02
5.948251903324624362e-02
6.275448798424340668e-02
7.173042656407672968e-02
5.403821029127544445e-02
6.622993796146589562e-02
6.534058633659498017e-02
7.758998288291867051e-02
5.513735480063244182e-02
5.130644917163879049e-02
4.915840232780523816e-02
8.643245649659901664e-02
4.855687268770914750e-02
5.337040717972520859e-02
4.373281259519910119e-02
5.721477033657192818e-02
6.278484849097240583e-02
9.095137035591069341e-02
5.388108677661358065e-02
4.603087545038767048e-02
8.885838428626138819e-02
3.727610490200090193e-02
6.084911601092209826e-02
3.985559795670191863e-02
5.496386897537534899e-02
3.452869192249407443e-02
3.372477125948540599e-02
5.765087363411031812e-02
4.797475263731771494e-02
3.529827664603250870e-02
3.981328070469572489e-02
3.798507224257505199e-02
4.050317658227076817e-02
2.932421688913686847e-02
4.497981452130223740e-02
4.328163093116736693e-02
1.747385324404617662e-02
3.097884237729790421e-02
2.902638626583576090e-02
2.896164144817620772e-02
2.749497711928623050e-02
3.177148507418050410e-02
5.027706934926632482e-02
4.681509075443879286e-02
2.987893908511558491e-02
3.534686143533821018e-02
6.261907060393967495e-02
5.800345072424058224e-02
4.495464937077302270e-02
3.752430396212669966e-02
6.448744428085571856e-02
6.849960663128305816e-02
4.215575982077261058e-02
6.787209251609815919e-02
9.543943897328698023e-02
1.094520078463731283e-01
5.245174046695483261e-02
5.756430790679745169e-02
5.153938542377520249e-02
5.131697910745242064e-02
8.607853261221418140e-02
5.811151669345201998e-02
8.437552818097120155e-02
7.853630652208251628e-02
6.924192054900106530e-02
6.736763514713650647e-02
5.456662472251468110e-02
6.582979617401023276e-02
6.316104064941155394e-02
3.248450201144541249e-02
5.716282233432921911e-02
6.011750888511444013e-02
9.621123158395658570e-02
4.758837734297823030e-02
5.946919599738362955e-02
1.049876997986678856e-01
7.352908396804361257e-02
7.304288668377045823e-02
7.156412875048902278e-02
7.106799385957907056e-02
4.879603586694338663e-02
5.162905271404635843e-02
9.539126876881894035e-02
8.856179756368004474e-02
6.778090882707750453e-02
9.504691247157039113e-02
7.467314938046294703e-02
6.661358303734601916e-02
7.324049803372850720e-02
7.097062805661445706e-02
8.208941446153975030e-02
7.721853282582349931e-02
6.410931178745432613e-02
7.534100474552357651e-02
5.768816536618186219e-02
7.218828682242586781e-02
7.393865218861414568e-02
5.315257449415568269e-02
6.027523226405384627e-02
7.753910768447244695e-02
7.135466601142621823e-02
5.777050835217980435e-02
8.018043210796144127e-02
6.866555227951143259e-02
5.151025427811158769e-02
4.888664974476959052e-02
5.583938703969616030e-02
6.495460407516839840e-02
4.489864780382286924e-02
4.637514976011181816e-02
4.598360549038178757e-02
4.630701577647476641e-02
6.404939757135154343e-02
4.089214367901543301e-02
6.129454711042110066e-02
5.430417175283419606e-02
5.259261810900558998e-02
