3.687464420256604258e-01 3.687464420256604258e-01 3.687464420256604258e-01 3.687464420256604258e-01 3.687464420256604258e-01
2.601110338705617808e-01 2.413108518051245155e-01 2.413108518051245155e-01 2.413108518051245155e-01 2.413108518051245155e-01
1.850199073782076431e-01 1.850199073782076431e-01 1.850199073782076431e-01 1.850199073782076431e-01 1.850199073782076431e-01
2.801482346189016481e-01 3.076438112310613260e-01 2.801482346189016481e-01 2.801482346189016481e-01 2.801482346189016481e-01
2.191041344988178263e-01 2.862501101069325760e-01 2.862501101069325760e-01 2.862501101069325760e-01 2.862501101069325760e-01
1.766149961865181306e-01 1.766149961865181306e-01 1.710620397975289864e-01 1.710620397975289864e-01 1.710620397975289864e-01
1.118208191795495438e-01 1.118208191795495438e-01 1.976300490215994188e-01 1.976300490215994188e-01 1.976300490215994188e-01
8.848690858501780110e-02 8.848690858501780110e-02 1.227417219304104135e-01 1.227417219304104135e-01 1.227417219304104135e-01
1.131043980317441161e-01 1.272888537338315862e-01 1.131043980317441161e-01 1.131043980317441161e-01 1.131043980317441161e-01
7.603697522443383927e-02 6.065092235977605911e-02 7.603697522443383927e-02 7.603697522443383927e-02 7.603697522443383927e-02
1.154166065797588014e-01 9.832590347899823613e-02 1.060170897071432139e-01 1.060170897071432139e-01 1.060170897071432139e-01
4.347431857965900620e-02 4.347431857965900620e-02 4.347431857965900620e-02 4.347431857965900620e-02 4.347431857965900620e-02
5.373470606187535220e-02 5.373470606187535220e-02 5.373470606187535220e-02 5.373470606187535220e-02 5.373470606187535220e-02
8.523557269526181590e-02 8.523557269526181590e-02 8.523557269526181590e-02 8.523557269526181590e-02 8.523557269526181590e-02
1.041411951189861185e-01 1.108098339852221920e-01 1.108098339852221920e-01 1.108098339852221920e-01 1.108098339852221920e-01
8.888207940022696540e-02 9.458278647172588260e-02 9.161478643504436525e-02 9.092494189301071617e-02 9.092494189301071617e-02
6.294912391063046952e-02 6.277759782028131952e-02 6.277759782028131952e-02 6.277759782028131952e-02 6.277759782028131952e-02
8.628649792834679200e-02 9.250878373815331346e-02 8.740343272103578975e-02 8.628649792834679200e-02 8.628649792834679200e-02
8.223611764889474096e-02 8.096700246201399276e-02 8.223611764889474096e-02 8.096700246201399276e-02 8.096700246201399276e-02
9.319466330378764485e-02 9.319466330378764485e-02 9.319466330378764485e-02 9.366075711724029806e-02 9.366075711724029806e-02
7.725576740108960894e-02 7.725576740108960894e-02 7.725576740108960894e-02 7.743843295793895187e-02 7.743843295793895187e-02
7.512439574530167807e-02 7.512439574530167807e-02 7.419888688153734868e-02 7.512439574530167807e-02 7.512439574530167807e-02
1.106045462252222694e-01 9.095996735585541726e-02 9.095996735585541726e-02 9.095996735585541726e-02 9.095996735585541726e-02
8.169957216149562051e-02 9.618607121846307895e-02 9.618607121846307895e-02 9.618607121846307895e-02 9.618607121846307895e-02
8.823772209061070404e-02 8.823772209061070404e-02 8.823772209061070404e-02 8.823772209061070404e-02 8.823772209061070404e-02
5.763381222423728106e-02 5.763381222423728106e-02 6.192597235658448690e-02 6.192597235658448690e-02 6.192597235658448690e-02
5.851982045977569685e-02 5.976927582899543845e-02 6.078292983029828789e-02 6.078292983029828789e-02 6.078292983029828789e-02
7.419092287292768095e-02 7.030754200643647700e-02 7.419092287292768095e-02 7.419092287292768095e-02 7.419092287292768095e-02
9.495384066745961305e-02 9.495384066745961305e-02 9.076571242261162464e-02 9.076571242261162464e-02 9.076571242261162464e-02
7.645197384548411967e-02 7.645197384548411967e-02 7.645197384548411967e-02 7.645197384548411967e-02 7.645197384548411967e-02
6.470282528794547849e-02 6.083456094485180377e-02 6.218520806744638058e-02 6.218520806744638058e-02 6.218520806744638058e-02
6.681687879966516364e-02 6.681687879966516364e-02 6.734752609018190839e-02 6.734752609018190839e-02 6.734752609018190839e-02
7.381390463934128787e-02 7.381390463934128787e-02 6.197483363666829448e-02 6.197483363666829448e-02 6.197483363666829448e-02
1.133959670780341350e-01 1.133959670780341350e-01 1.119539199091147685e-01 1.119539199091147685e-01 1.119539199091147685e-01
9.081503027420459451e-02 9.081503027420459451e-02 8.897358503725559531e-02 8.897358503725559531e-02 8.897358503725559531e-02
6.794307386285880490e-02 6.427221504323529788e-02 7.697765401592730761e-02 7.697765401592730761e-02 7.697765401592730761e-02
8.851993899882537598e-02 5.800878145763770782e-02 6.001837699271758697e-02 6.001837699271758697e-02 6.001837699271758697e-02
9.069110353733032814e-02 9.069110353733032814e-02 9.651525242923289505e-02 1.077058380371648943e-01 1.077058380371648943e-01
6.359125798795471629e-02 7.414247388684205853e-02 9.050706892342269549e-02 9.050706892342269549e-02 9.050706892342269549e-02
9.410567284790749554e-02 9.410567284790749554e-02 9.636191742984021036e-02 9.790173869729687506e-02 9.790173869729687506e-02
6.426669562962714077e-02 6.426669562962714077e-02 7.316226575173546964e-02 7.316226575173546964e-02 7.316226575173546964e-02
6.820670080333408880e-02 6.820670080333408880e-02 6.820670080333408880e-02 8.415147897359467888e-02 8.415147897359467888e-02
7.852091506204682270e-02 7.852091506204682270e-02 8.279771993897368232e-02 1.147931211469302021e-01 1.147931211469302021e-01
9.339303798018490366e-02 9.014975489603997694e-02 9.014975489603997694e-02 1.018115083962888023e-01 1.018115083962888023e-01
7.079952507689103725e-02 7.079952507689103725e-02 7.079952507689103725e-02 9.297898317494415754e-02 9.297898317494415754e-02
9.132522060047969237e-02 6.520465230713420879e-02 6.520465230713420879e-02 8.634217040285926958e-02 8.634217040285926958e-02
7.247448438886791577e-02 7.247448438886791577e-02 7.247448438886791577e-02 7.134753282653391593e-02 7.134753282653391593e-02
1.184024263116359721e-01 1.184024263116359721e-01 1.101331790044881992e-01 1.432386127621013139e-01 1.432386127621013139e-01
9.408010124511816119e-02 8.579093363187152710e-02 8.579093363187152710e-02 1.040970259741281906e-01 1.040970259741281906e-01
9.337311166006424801e-02 6.636917209950884966e-02 6.636917209950884966e-02 7.758804513578261564e-02 7.758804513578261564e-02
7.553665720481185508e-02 7.553665720481185508e-02 7.553665720481185508e-02 7.438325497020055466e-02 7.438325497020055466e-02
6.016302432280794255e-02 6.016302432280794255e-02 6.016302432280794255e-02 6.582994110539597266e-02 6.582994110539597266e-02
7.845463092194567001e-02 9.246569810993669758e-02 7.845463092194567001e-02 8.700479643119861384e-02 8.700479643119861384e-02
7.245081434772589202e-02 6.957868546190069947e-02 6.957868546190069947e-02 8.573677034079617287e-02 8.573677034079617287e-02
7.498213887823283741e-02 6.684572578131033060e-02 6.970030894208434358e-02 6.621096886946480076e-02 6.621096886946480076e-02
7.675047394224000785e-02 7.894858832776900648e-02 7.894858832776900648e-02 7.755937202772746064e-02 7.755937202772746064e-02
5.954904808899951635e-02 6.798936000997846119e-02 6.798936000997846119e-02 6.799942344801812588e-02 6.799942344801812588e-02
1.049346411712963750e-01 1.000218072043870809e-01 1.049346411712963750e-01 1.044999603174476682e-01 1.044999603174476682e-01
7.559547147227124730e-02 7.559547147227124730e-02 7.559547147227124730e-02 7.375913806643187576e-02 7.375913806643187576e-02
7.127138768612270581e-02 6.081691167108643770e-02 6.139047478484987996e-02 6.624325262063059105e-02 6.624325262063059105e-02
5.735860937199042942e-02 5.665220203572942509e-02 5.665220203572942509e-02 6.179263361783638581e-02 6.179263361783638581e-02
7.465861153485685298e-02 7.465861153485685298e-02 8.157283236824425243e-02 8.826990107509155581e-02 8.826990107509155581e-02
7.509883336542511056e-02 7.509883336542511056e-02 7.287898772274929715e-02 7.506112870965667150e-02 7.506112870965667150e-02
7.916513934474275760e-02 7.916513934474275760e-02 7.344989398660642377e-02 7.995269993759883398e-02 7.995269993759883398e-02
7.947230399317237182e-02 7.462756940035669695e-02 7.462756940035669695e-02 8.214483872910972873e-02 8.254797355031943951e-02
7.181139943653537527e-02 7.181139943653537527e-02 7.181139943653537527e-02 9.152561279230413127e-02 9.290725403695614115e-02
6.887026198836472546e-02 6.863667506069770496e-02 6.863667506069770496e-02 8.699692590630048183e-02 8.654732182953539521e-02
5.637000926138183848e-02 5.637000926138183848e-02 6.382711362882684258e-02 7.089785205932921941e-02 7.269185491470935012e-02
5.925703915929294435e-02 5.925703915929294435e-02 8.073816682074684559e-02 8.592250156810843364e-02 8.598984718400889959e-02
5.884196716947771161e-02 5.688750004190380738e-02 5.894555609465154666e-02 9.572341372737584730e-02 9.541571153810399220e-02
4.853459461359326682e-02 4.853459461359326682e-02 5.400626593231749872e-02 8.659813213251371655e-02 8.820844899727349475e-02
7.062082051528942306e-02 7.216943368833671213e-02 7.460238157553926441e-02 8.649543949404484011e-02 8.696138682927104235e-02
6.973637403318165562e-02 6.973637403318165562e-02 8.804674124304227856e-02 1.205243481606553535e-01 1.222938535353827738e-01
7.136862159938751893e-02 7.136862159938751893e-02 8.783648633607275824e-02 1.275681935114318377e-01 1.323776163054190547e-01
6.278908401166802267e-02 7.060331125323110468e-02 9.366402453589027510e-02 1.185402177187913908e-01 1.215142769817128682e-01
6.334927269687859464e-02 6.334927269687859464e-02 8.595560805663707282e-02 1.275290404369761599e-01 1.268913155338006193e-01
5.353106833115637425e-02 5.353106833115637425e-02 7.314733219025326694e-02 1.243857146888243947e-01 1.289444170768813680e-01
5.530464043039179378e-02 5.530464043039179378e-02 7.851967910696212860e-02 1.227109780524109628e-01 1.227109780524109628e-01
6.460017420285986411e-02 6.460017420285986411e-02 8.011526270233659819e-02 1.042064005372159846e-01 1.064320433025234824e-01
4.434444875329152796e-02 4.434444875329152796e-02 6.697632196518139847e-02 1.079414458675369282e-01 1.114196419577849206e-01
7.716916636506941651e-02 7.953353778597796464e-02 8.523248229977431478e-02 1.252003497650582275e-01 1.331326835506456141e-01
5.304717613179750491e-02 5.413021277603847353e-02 5.304717613179750491e-02 9.137146220124192642e-02 9.537658299808429718e-02
5.740219008399889689e-02 5.882438245107910607e-02 6.114909919176013398e-02 7.993541168949337694e-02 8.128228007502784347e-02
5.195338243808435980e-02 5.364260399016348296e-02 5.364260399016348296e-02 7.515809476173562764e-02 8.202174322834600295e-02
6.250214276625129517e-02 6.250214276625129517e-02 6.250214276625129517e-02 8.695700731768449265e-02 8.576560785043109425e-02
5.071129356650790065e-02 5.071129356650790065e-02 5.071129356650790065e-02 8.974851952425566548e-02 9.130826949816420179e-02
5.894738866337208977e-02 5.894738866337208977e-02 5.894738866337208977e-02 1.055329659176147128e-01 1.102908003288794458e-01
7.495139584534828148e-02 6.685355175841690978e-02 6.685355175841690978e-02 1.239757313888873169e-01 1.383918211722533764e-01
6.377692461300260574e-02 6.377692461300260574e-02 6.377692461300260574e-02 9.580631810520962022e-02 1.029037854311199152e-01
7.201136477952244097e-02 8.102291194467398094e-02 8.102291194467398094e-02 1.084177338341454772e-01 1.161873264943316802e-01
8.808272910705929049e-02 7.920663273443373509e-02 7.679033741827701043e-02 8.759683541367342674e-02 9.988988780219539010e-02
7.074909542124369066e-02 7.312999439074976959e-02 7.312999439074976959e-02 8.714446419368004904e-02 9.351172446581894337e-02
5.199361375324524498e-02 5.406063903607751658e-02 5.199361375324524498e-02 7.373538327881092036e-02 8.363850099279564188e-02
5.588053497595264069e-02 5.588053497595264069e-02 4.762470829079420293e-02 6.723115195294661339e-02 7.995776293802746293e-02
9.534989037089695862e-02 9.534989037089695862e-02 9.534989037089695862e-02 1.076005417712780077e-01 1.100452926976641932e-01
6.576879724535476812e-02 5.629462124167166487e-02 5.629462124167166487e-02 8.868001884857065753e-02 1.012501193372381952e-01
6.858420587659906642e-02 5.968391993661566891e-02 5.968391993661566891e-02 8.231895291061286368e-02 8.186722061712072007e-02
5.569957610215939964e-02 5.569957610215939964e-02 5.569957610215939964e-02 7.066514219783905093e-02 7.767287953512075349e-02
5.241072924085396489e-02 5.241072924085396489e-02 4.578765663987105494e-02 9.213847712941442003e-02 1.069190285016740488e-01
3.119304866565811990e-02 3.119304866565811990e-02 3.119304866565811990e-02 4.820897861458921935e-02 6.009066573829616176e-02
4.172366769238764622e-02 4.172366769238764622e-02 4.172366769238764622e-02 5.450295021401265622e-02 7.129259151057520949e-02
4.847335507446030867e-02 4.110054845949401986e-02 4.110054845949401986e-02 5.048687070439529523e-02 6.434793857147959317e-02
5.839334449159566676e-02 4.816891266160047702e-02 4.816891266160047702e-02 6.056448781563318617e-02 7.940776485307862731e-02
3.519756404785748249e-02 2.804334928130991847e-02 2.804334928130991847e-02 6.642481984734684153e-02 7.327443061230376475e-02
4.230628932620648236e-02 4.230628932620648236e-02 4.230628932620648236e-02 5.478557427050179118e-02 7.414904165757209287e-02
4.498206801273592348e-02 4.498206801273592348e-02 4.498206801273592348e-02 5.145518204254286715e-02 8.035237985568176311e-02
3.510206400916635744e-02 3.510206400916635744e-02 3.510206400916635744e-02 5.949243829431571234e-02 6.976670420472390333e-02
3.865690097784567347e-02 3.865690097784567347e-02 3.865690097784567347e-02 4.893583364681998449e-02 7.138566666548848416e-02
3.983965877126495470e-02 3.983965877126495470e-02 3.983965877126495470e-02 4.707657912816786555e-02 6.214379362035585275e-02
3.983174964173503974e-02 3.680113243907855158e-02 3.680113243907855158e-02 4.514684294439521434e-02 6.805514598064280052e-02
2.367012247826060997e-02 2.367012247826060997e-02 2.367012247826060997e-02 3.301788715206888103e-02 5.452534971947179537e-02
3.714217197618967931e-02 3.714217197618967931e-02 3.714217197618967931e-02 4.096109519940447502e-02 6.465646257320041557e-02
4.447626526812597375e-02 4.447626526812597375e-02 4.447626526812597375e-02 5.963887134067164669e-02 8.614047001153002370e-02
3.260026354608876187e-02 3.260026354608876187e-02 3.260026354608876187e-02 5.186945602912920728e-02 6.936444534002679518e-02
2.777169920338801862e-02 2.784106734764094787e-02 2.784106734764094787e-02 3.608265705081131758e-02 4.804575695737287738e-02
5.596207884632509177e-02 3.811814225587534938e-02 3.617937268625735781e-02 5.663884414472544065e-02 8.312676659279079339e-02
5.258316422262501733e-02 4.627027318303766901e-02 4.582845835418770247e-02 5.258316422262501733e-02 6.156586957174894209e-02
3.986302568018832565e-02 3.986302568018832565e-02 4.488167803284095342e-02 3.986302568018832565e-02 6.161267582842831769e-02
4.041497826185186382e-02 3.456358228002375660e-02 4.241350398512347408e-02 3.456358228002375660e-02 5.557896610806194182e-02
5.697111036873787199e-02 5.697111036873787199e-02 6.235924049755522253e-02 5.697111036873787199e-02 7.024798002679667752e-02
4.525098944651235328e-02 4.525098944651235328e-02 4.525098944651235328e-02 4.130947621695258559e-02 5.164091129206454384e-02
4.064605865881661118e-02 4.281881637519953376e-02 3.935880566268629144e-02 4.281881637519953376e-02 5.555874196396425047e-02
3.041918148284166595e-02 2.980472619310821358e-02 2.980472619310821358e-02 3.041918148284166595e-02 5.072177699832646630e-02
4.163380997146975959e-02 3.370194018421029253e-02 3.370194018421029253e-02 4.367414903944008553e-02 4.163380997146975959e-02
4.230894597422966974e-02 5.790111094969355165e-02 4.477609105994478922e-02 4.477609105994478922e-02 4.552626448904077000e-02
5.841638459954223012e-02 6.748247177140205555e-02 6.748247177140205555e-02 8.377893451485286802e-02 9.842691799248169671e-02
4.899325620650262642e-02 4.356454625613527532e-02 4.356454625613527532e-02 5.738291865588952823e-02 4.414097743223643205e-02
4.633659605163989448e-02 4.633659605163989448e-02 4.633659605163989448e-02 7.171150380719268358e-02 5.976581908656506542e-02
6.056334415364686419e-02 5.689951363710589460e-02 5.689951363710589460e-02 8.272128857619827358e-02 6.126761294754048265e-02
4.858083444204699952e-02 4.858083444204699952e-02 4.858083444204699952e-02 6.760481218347091925e-02 6.849531635012001685e-02
5.377415108315816011e-02 5.377415108315816011e-02 5.377415108315816011e-02 7.850789617324796521e-02 7.065967760493081784e-02
4.876856154673953753e-02 4.876856154673953753e-02 5.896791989838956471e-02 1.086705674131201310e-01 8.014706782216481085e-02
5.659668064031780910e-02 5.659668064031780910e-02 7.374682684132047306e-02 1.051776262943408119e-01 8.204167261773306907e-02
8.374312637278559512e-02 7.266796096621321033e-02 6.307531688919586210e-02 9.947306485036402912e-02 9.460731235868290179e-02
6.130001911913916107e-02 6.912152723925890641e-02 6.130001911913916107e-02 1.114299689900017792e-01 8.714384954927004157e-02
5.339759760566765295e-02 5.181122942322747421e-02 5.181122942322747421e-02 1.117438081716911613e-01 7.902549601488378928e-02
7.263008062121213693e-02 7.603906674695844192e-02 7.603906674695844192e-02 1.588257228438393065e-01 9.413681385810213076e-02
6.853092802601076783e-02 6.420000779944773361e-02 6.420000779944773361e-02 1.446110084511796900e-01 1.031706744679115190e-01
4.761404083012612393e-02 5.920555281460056218e-02 5.920555281460056218e-02 1.136976162697969223e-01 9.164581456561038397e-02
4.800115354201577034e-02 4.800115354201577034e-02 4.800115354201577034e-02 1.150164680597621086e-01 1.054964209911833789e-01
7.287513819350492639e-02 7.287513819350492639e-02 7.287513819350492639e-02 1.407496787446649300e-01 1.143291706762975812e-01
7.310589729133618042e-02 9.044344650289769250e-02 7.310589729133618042e-02 1.413790890442137849e-01 1.192903159163266474e-01
5.643641991706061650e-02 6.669601812286626852e-02 6.669601812286626852e-02 1.075534338245030808e-01 9.885741859097096906e-02
5.475710581565364915e-02 5.475710581565364915e-02 5.130277319810730430e-02 1.131497754347380175e-01 8.979280161165134611e-02
5.412762996571238161e-02 6.487713264986093298e-02 6.476979142223412977e-02 1.471336273430244868e-01 1.170890975484949192e-01
4.720023449295511486e-02 4.720023449295511486e-02 4.954150809800774574e-02 1.250886534665059946e-01 1.378760021831608451e-01
1.580564795149096424e-01 1.015524126383080955e-01 1.073458213852873794e-01 1.346603685101116221e-01 1.145265769681477752e-01
5.130672822364908126e-02 5.130672822364908126e-02 4.557755574058983128e-02 1.009790226304293215e-01 8.616111938649616275e-02
6.789271471746163855e-02 8.692190121185050522e-02 8.692190121185050522e-02 1.374114690105852354e-01 1.454956506158310015e-01
1.068268098865936683e-01 9.534425595285771216e-02 9.534425595285771216e-02 1.754239804376166445e-01 1.641309435385175375e-01
7.186554142903633924e-02 6.305847922532703542e-02 6.305847922532703542e-02 1.431879325367421407e-01 1.456902064789158124e-01
7.227417772788832795e-02 7.227417772788832795e-02 7.227417772788832795e-02 1.655640760205089324e-01 1.372754314288640587e-01
9.056587300462863588e-02 9.056587300462863588e-02 7.468777381029978457e-02 1.686919249729527670e-01 1.696717439467116950e-01
6.199427027518628064e-02 6.199427027518628064e-02 6.199427027518628064e-02 1.408932045273642575e-01 1.456381361121651397e-01
4.998712496738359073e-02 4.998712496738359073e-02 4.998712496738359073e-02 1.054005815650892186e-01 1.118129875754142050e-01
6.063550033855009264e-02 7.247668468233105232e-02 7.247668468233105232e-02 1.228575599783326283e-01 1.531223230411572211e-01
4.612736397590438964e-02 4.612736397590438964e-02 4.612736397590438964e-02 9.174542146565760337e-02 1.221847879448969276e-01
6.131316384970139644e-02 6.131316384970139644e-02 6.131316384970139644e-02 9.948895805409778414e-02 1.186988678487060633e-01
8.270967995798096661e-02 8.270967995798096661e-02 8.270967995798096661e-02 1.147633599113479508e-01 1.326745772526689293e-01
7.338150299584567104e-02 6.998055953964314735e-02 6.998055953964314735e-02 1.025466259241787498e-01 1.004997822469651941e-01
8.314735285809445042e-02 8.314735285809445042e-02 8.314735285809445042e-02 7.658550541584052684e-02 9.366099914076095323e-02
9.393684111857343588e-02 8.134363923629138460e-02 6.998009669116600495e-02 9.068356823017439949e-02 9.674798417734239986e-02
8.055307508674665329e-02 5.749243350643953171e-02 6.828069566508149224e-02 8.595166669366142986e-02 8.991287759391619616e-02
6.627146818878731915e-02 6.627146818878731915e-02 6.627146818878731915e-02 9.531069668709533926e-02 1.196813779055453941e-01
1.001277607135933889e-01 1.001277607135933889e-01 8.555531144412797939e-02 7.562968815168888415e-02 1.096346419556516461e-01
7.665283220992670510e-02 5.971916332106572828e-02 5.971916332106572828e-02 6.645949974205679622e-02 9.270628788226954742e-02
6.227342978756272157e-02 6.227342978756272157e-02 6.227342978756272157e-02 6.927066296451644956e-02 8.425538249676053915e-02
6.087885758809065406e-02 6.087885758809065406e-02 6.087885758809065406e-02 7.214078792538811125e-02 7.794288179812866590e-02
7.985118010146848022e-02 7.985118010146848022e-02 7.985118010146848022e-02 7.556427447995391067e-02 1.014164316689593337e-01
6.761553574528623989e-02 6.318866076106387231e-02 6.318866076106387231e-02 7.403225699009047256e-02 1.018529972125366695e-01
7.286780743740906008e-02 6.390711890384516425e-02 6.390711890384516425e-02 6.170343281005772479e-02 8.176365723895412385e-02
5.942926321964492331e-02 5.942926321964492331e-02 5.942926321964492331e-02 6.129045093106223752e-02 8.570428479726444060e-02
6.389001511169319081e-02 6.389001511169319081e-02 6.389001511169319081e-02 6.545530520935551044e-02 9.065376997925193858e-02
5.017126552856239485e-02 5.336847290484165313e-02 5.336847290484165313e-02 5.371773287308117401e-02 7.656605136542578294e-02
8.226768275906623518e-02 6.075901289083869561e-02 6.075901289083869561e-02 6.746735330082240245e-02 9.919440791137722202e-02
6.613269748154214367e-02 6.613269748154214367e-02 6.613269748154214367e-02 6.832572322829638667e-02 8.126916614275091211e-02
6.142610768681482786e-02 6.142610768681482786e-02 7.455219683455771573e-02 7.935134740055167779e-02 1.058822788792276731e-01
5.773553170582497451e-02 5.773553170582497451e-02 5.773553170582497451e-02 6.300366127698535379e-02 8.878664033650428278e-02
5.988461675280673524e-02 5.988461675280673524e-02 5.988461675280673524e-02 7.256762500690711049e-02 9.252667313189719134e-02
5.873726275384300033e-02 5.873726275384300033e-02 5.873726275384300033e-02 5.945962474065821096e-02 7.688979020285974242e-02
5.536975608368197715e-02 4.751342185514913219e-02 4.751342185514913219e-02 7.760708406112258595e-02 8.619734104593183843e-02
4.995179065225311549e-02 4.995179065225311549e-02 4.720165441663909389e-02 5.456481598626609225e-02 7.478199064123086659e-02
4.751624099207063523e-02 4.751624099207063523e-02 4.751624099207063523e-02 6.395003898397805253e-02 8.055585860008321331e-02
5.317623282820785335e-02 4.878123531027282744e-02 4.878123531027282744e-02 6.219690948288770366e-02 7.397208252321893496e-02
7.000620694387400811e-02 7.000620694387400811e-02 7.000620694387400811e-02 7.353675395703547502e-02 7.977762451721656656e-02
6.349756605335211967e-02 6.349756605335211967e-02 6.349756605335211967e-02 7.333198814513856856e-02 7.570457141355804720e-02
4.623530464664336870e-02 4.572689483081673195e-02 4.459477957778266999e-02 6.218544345869022466e-02 6.487136582590868894e-02
4.881746968063351011e-02 5.277131021859991777e-02 5.277131021859991777e-02 6.322464844003367057e-02 6.455468542081255201e-02
4.832035871078192019e-02 4.832035871078192019e-02 5.352139053489629594e-02 7.005745759498153979e-02 7.150865131428529864e-02
5.733932684336488089e-02 5.733932684336488089e-02 5.733932684336488089e-02 7.787981122783173282e-02 7.289357172400492968e-02
3.692173158052414889e-02 4.775243070884577917e-02 4.775243070884577917e-02 7.173099375704580782e-02 6.750573578777480099e-02
