2.659128766262703891e-01 2.659128766262703891e-01 2.659128766262703891e-01 2.659128766262703891e-01 2.659128766262703891e-01
2.195095301213428329e-01 2.063194380722946364e-01 2.063194380722946364e-01 2.063194380722946364e-01 2.063194380722946364e-01
1.407427953469865267e-01 1.407427953469865267e-01 1.407427953469865267e-01 1.407427953469865267e-01 1.407427953469865267e-01
2.733886857581729890e-01 2.867566193203651692e-01 2.825408373059757339e-01 2.825408373059757339e-01 2.825408373059757339e-01
1.897741259006793524e-01 1.887753434867697755e-01 1.887753434867697755e-01 1.887753434867697755e-01 1.887753434867697755e-01
1.579763010597373118e-01 1.579763010597373118e-01 1.562803557676660515e-01 1.562803557676660515e-01 1.562803557676660515e-01
1.144612928241987293e-01 1.144612928241987293e-01 2.040610978926027663e-01 2.040610978926027663e-01 2.040610978926027663e-01
1.078615331014862594e-01 1.213449052757834684e-01 1.193676871984083315e-01 1.193676871984083315e-01 1.193676871984083315e-01
1.736730205567926788e-01 1.683468912241255222e-01 1.840205167730304681e-01 1.840205167730304681e-01 1.840205167730304681e-01
9.433940047338508494e-02 9.433940047338508494e-02 6.569564903248883980e-02 6.569564903248883980e-02 6.569564903248883980e-02
8.675562796175669000e-02 8.628378406774808718e-02 8.675562796175669000e-02 8.675562796175669000e-02 8.675562796175669000e-02
4.869194612560710789e-02 4.869194612560710789e-02 4.897417309533130814e-02 4.897417309533130814e-02 4.897417309533130814e-02
6.852078878365590320e-02 6.644660627248910600e-02 6.644660627248910600e-02 6.644660627248910600e-02 6.644660627248910600e-02
9.216939990789839443e-02 9.216939990789839443e-02 9.216939990789839443e-02 9.216939990789839443e-02 9.216939990789839443e-02
9.512312360751307150e-02 9.606556881708379347e-02 9.512312360751307150e-02 9.512312360751307150e-02 9.512312360751307150e-02
7.678067718899284078e-02 7.860871711625508351e-02 7.860871711625508351e-02 7.860871711625508351e-02 7.860871711625508351e-02
8.523403158816648950e-02 7.294630804347078390e-02 7.252891448358178561e-02 7.294630804347078390e-02 7.294630804347078390e-02
1.006042114021783868e-01 1.000996739130495666e-01 9.839488560428862052e-02 1.000996739130495666e-01 1.000996739130495666e-01
6.869396421859212676e-02 6.561861898540971572e-02 6.648376569991748530e-02 6.561861898540971572e-02 6.561861898540971572e-02
8.207432196079267328e-02 8.207432196079267328e-02 1.249292522639482983e-01 1.231161704470762758e-01 1.231161704470762758e-01
6.210422858993534106e-02 6.210422858993534106e-02 6.210422858993534106e-02 6.666136073340453438e-02 6.666136073340453438e-02
8.118377126206641203e-02 8.118377126206641203e-02 6.914021358253592819e-02 6.305528720107331231e-02 6.305528720107331231e-02
8.351566252856777728e-02 8.351566252856777728e-02 9.050631556482977014e-02 9.050631556482977014e-02 9.050631556482977014e-02
1.258209175402478230e-01 1.517309891068282512e-01 1.562020592551028042e-01 1.562020592551028042e-01 1.562020592551028042e-01
8.174625666646653799e-02 8.174625666646653799e-02 7.871771735232239997e-02 7.871771735232239997e-02 7.871771735232239997e-02
7.143567860720556606e-02 7.143567860720556606e-02 7.123343879378378485e-02 6.465398843571858178e-02 6.465398843571858178e-02
5.737623556602948482e-02 5.737623556602948482e-02 5.737623556602948482e-02 6.178095904069157152e-02 6.178095904069157152e-02
8.425229920544159701e-02 8.425229920544159701e-02 8.425229920544159701e-02 8.712921255875115401e-02 8.712921255875115401e-02
6.175296678638189651e-02 7.448063717725303401e-02 6.410644508994546575e-02 6.410644508994546575e-02 6.410644508994546575e-02
1.091686497544774592e-01 1.091686497544774592e-01 8.759660911777807091e-02 9.450802375596681348e-02 9.450802375596681348e-02
6.684840602245846475e-02 6.684840602245846475e-02 6.684840602245846475e-02 6.936488228994684702e-02 6.936488228994684702e-02
5.434319263005266132e-02 5.434319263005266132e-02 5.434319263005266132e-02 5.790241567264754058e-02 5.790241567264754058e-02
8.886144408187822419e-02 8.696974547780417231e-02 8.696974547780417231e-02 8.886144408187822419e-02 8.886144408187822419e-02
1.229800570776098806e-01 1.613942202274104565e-01 1.613942202274104565e-01 1.503785642809277179e-01 1.503785642809277179e-01
9.023502680962569578e-02 9.007741064874176529e-02 9.007741064874176529e-02 8.184062293025125279e-02 8.184062293025125279e-02
8.438209787561753994e-02 8.438209787561753994e-02 8.438209787561753994e-02 8.356783863749586705e-02 8.356783863749586705e-02
6.939458970147005523e-02 6.939458970147005523e-02 6.939458970147005523e-02 8.972455263842214757e-02 8.972455263842214757e-02
1.082669195330208944e-01 9.737752631094678812e-02 9.211247079381670866e-02 1.082669195330208944e-01 1.082669195330208944e-01
7.205638972018731103e-02 7.139477511713218649e-02 7.139477511713218649e-02 8.240659733312843960e-02 8.240659733312843960e-02
1.022317933542641333e-01 7.779265677027916159e-02 7.779265677027916159e-02 8.196413713150613178e-02 8.196413713150613178e-02
6.743697482183004521e-02 6.743697482183004521e-02 6.271472346106136964e-02 8.543059943738684492e-02 8.543059943738684492e-02
8.152496164895552122e-02 8.258608888203126941e-02 7.460831428713510238e-02 8.495963003936392310e-02 8.495963003936392310e-02
1.241372293780959035e-01 9.630694877097933926e-02 1.072976917617066983e-01 1.241372293780959035e-01 1.241372293780959035e-01
7.520151207185628295e-02 7.520151207185628295e-02 7.764644345268338632e-02 9.415168829428001429e-02 9.415168829428001429e-02
9.259130538968464441e-02 9.259130538968464441e-02 8.527846607209929597e-02 9.545073875752128900e-02 9.545073875752128900e-02
8.398119968459556717e-02 8.398119968459556717e-02 6.720591821117692655e-02 9.998845816090615179e-02 9.998845816090615179e-02
7.177595008690655642e-02 7.177595008690655642e-02 7.177595008690655642e-02 8.747396561798195802e-02 8.747396561798195802e-02
7.643492975109150711e-02 6.561457702254523683e-02 6.561457702254523683e-02 8.642799106357215710e-02 8.642799106357215710e-02
8.219509827460695639e-02 8.219509827460695639e-02 8.108685917983624036e-02 8.710477745118834492e-02 8.710477745118834492e-02
8.337985967371649987e-02 7.103086723799886815e-02 8.337985967371649987e-02 8.024990918835442355e-02 8.024990918835442355e-02
6.167352862831643190e-02 7.028480467825776179e-02 7.028480467825776179e-02 7.288960939873360967e-02 7.288960939873360967e-02
7.219008459104402087e-02 6.491049209427245115e-02 8.413868969113801055e-02 9.125294317167428892e-02 9.125294317167428892e-02
7.142034847617240167e-02 6.520343777423291687e-02 7.445004333108790062e-02 7.142034847617240167e-02 7.142034847617240167e-02
6.366772695349756650e-02 7.070959714267836815e-02 7.070959714267836815e-02 7.361933554180491446e-02 7.361933554180491446e-02
7.938924703093211410e-02 8.767394448251629446e-02 8.839858850656331923e-02 8.545923856966673726e-02 8.545923856966673726e-02
9.007827990128110252e-02 8.282390159355727810e-02 9.915028759914416845e-02 8.011829585491088423e-02 8.011829585491088423e-02
6.655754889604682811e-02 6.655754889604682811e-02 6.655754889604682811e-02 7.739220394883819520e-02 7.739220394883819520e-02
7.680762518619750623e-02 7.680762518619750623e-02 7.984545312884465396e-02 7.395814354400001567e-02 7.395814354400001567e-02
7.892518289741126680e-02 7.224345524948408426e-02 8.112216501655830636e-02 7.892518289741126680e-02 7.892518289741126680e-02
7.142249336389429326e-02 7.142249336389429326e-02 7.142249336389429326e-02 7.084177699918967064e-02 7.084177699918967064e-02
6.474260615119455109e-02 7.187656725478959452e-02 6.675861782944669809e-02 8.510489314826583107e-02 8.510489314826583107e-02
7.257824912038426945e-02 7.084080418621259423e-02 7.084080418621259423e-02 6.813146404559351776e-02 6.813146404559351776e-02
7.458473054016510895e-02 7.524212997238831357e-02 7.524212997238831357e-02 7.587407506817417380e-02 7.587407506817417380e-02
6.207662197075872190e-02 6.847332711880639577e-02 6.847332711880639577e-02 7.458923923301843950e-02 7.458923923301843950e-02
7.622729631257875449e-02 6.901239762966855651e-02 6.901239762966855651e-02 8.135505248269776779e-02 8.106287687133761910e-02
6.737914565114062893e-02 6.890787265129645622e-02 6.890787265129645622e-02 9.456288536066582984e-02 9.820639046923672344e-02
7.287137537443710844e-02 7.818446102763303152e-02 7.818446102763303152e-02 8.722522910525255802e-02 8.727281146686140245e-02
6.772800255235043865e-02 7.641649509284795250e-02 7.641649509284795250e-02 8.717323406725593915e-02 8.902099948102315530e-02
6.552361735320935687e-02 7.223944922776176503e-02 8.466702445046764280e-02 8.344077467660834801e-02 8.370616792286844632e-02
6.231234419647086603e-02 6.231234419647086603e-02 7.374817939416536405e-02 9.739635611077829269e-02 9.793220739453341317e-02
4.184511941763861820e-02 4.184511941763861820e-02 6.269270342867114265e-02 8.099417246200617260e-02 8.310004936872629477e-02
8.427091352146169612e-02 8.427091352146169612e-02 7.451577017433204386e-02 8.823802721326874654e-02 8.959548035784023479e-02
6.801880872974096215e-02 6.801880872974096215e-02 7.413681786945619523e-02 1.166151239168407294e-01 1.157609028233216319e-01
5.921179353958175295e-02 5.921179353958175295e-02 8.176287619870786783e-02 1.126812226658653326e-01 1.144834585115565573e-01
5.635260146058604369e-02 5.635260146058604369e-02 8.410532040974659507e-02 1.146235193257505447e-01 1.162176465019899435e-01
6.862708875584264123e-02 6.862708875584264123e-02 1.072184352749634279e-01 1.441994876323530739e-01 1.449596944425687595e-01
6.043476070005378287e-02 6.043476070005378287e-02 8.468108251786357621e-02 1.197035914916155380e-01 1.203304641601616459e-01
4.735825109313563513e-02 4.735825109313563513e-02 7.332811339296264885e-02 1.282749630061009172e-01 1.321161388714598983e-01
7.277531193328684589e-02 7.277531193328684589e-02 7.987809982869255310e-02 1.029948399746148380e-01 1.079321455332314800e-01
5.707038491715441669e-02 5.707038491715441669e-02 6.268458772060826745e-02 1.053179111455332245e-01 1.100129184930469933e-01
5.899533457436464262e-02 6.833812411888813554e-02 5.899533457436464262e-02 1.125338317728973442e-01 1.155488109705078564e-01
5.524760462858479410e-02 5.524760462858479410e-02 5.524760462858479410e-02 8.824912654174325854e-02 9.859689517403147363e-02
4.081404769894965423e-02 3.939909509723376474e-02 3.939909509723376474e-02 6.330255586021632519e-02 6.855609084239915052e-02
5.164855052286866643e-02 5.164855052286866643e-02 5.164855052286866643e-02 7.832036239306673642e-02 7.996011970669178459e-02
6.902589434484537878e-02 5.995364268359119203e-02 5.995364268359119203e-02 7.570752387104733028e-02 8.285294580765892314e-02
5.921935220153259904e-02 5.921935220153259904e-02 5.921935220153259904e-02 9.796098242446024673e-02 9.698229908954239531e-02
6.855777919745741078e-02 6.372543288187605681e-02 6.372543288187605681e-02 1.072022186059516241e-01 1.116133923455227411e-01
6.322919006133058406e-02 5.874936586720428539e-02 5.874936586720428539e-02 1.067443807670478417e-01 1.109586632051368510e-01
8.613624363623595404e-02 8.613624363623595404e-02 8.613624363623595404e-02 1.014138473775139798e-01 1.053427392226816139e-01
7.040836397572776406e-02 7.120011692340670606e-02 6.114383249156309791e-02 9.823112876310763353e-02 9.788185947769058315e-02
7.763255179085017110e-02 7.763255179085017110e-02 7.763255179085017110e-02 9.601782128445159048e-02 8.497604615769709102e-02
7.072628227783298027e-02 6.351708522398201440e-02 6.351708522398201440e-02 7.072628227783298027e-02 8.703197623466980837e-02
7.885167903725893990e-02 6.318910142688244358e-02 6.318910142688244358e-02 7.466646157428266650e-02 8.198194613955483989e-02
5.399781881018036328e-02 5.399781881018036328e-02 5.399781881018036328e-02 7.530498406686229884e-02 9.585967200119742404e-02
7.765806946689261803e-02 6.956712122534884635e-02 6.956712122534884635e-02 9.031481911751926273e-02 1.013365319484093863e-01
6.625204997396193229e-02 6.625204997396193229e-02 6.625204997396193229e-02 7.057992681804463320e-02 8.737384967857929341e-02
6.083208626445568007e-02 6.083208626445568007e-02 5.377828739969495869e-02 8.043798958607484284e-02 8.848763891185505714e-02
5.425503665799302072e-02 5.425503665799302072e-02 5.425503665799302072e-02 8.141263472107948540e-02 1.023378762274707310e-01
3.611699018110888643e-02 3.096578443177266243e-02 3.518339699532024856e-02 6.974446604253560500e-02 8.272523170315028429e-02
3.399512427034658696e-02 3.399512427034658696e-02 3.399512427034658696e-02 5.032648370600609211e-02 7.014146909624184578e-02
3.266991656550554540e-02 3.266991656550554540e-02 3.266991656550554540e-02 5.868984266079808193e-02 7.818057038511318224e-02
3.407781833442546232e-02 3.407781833442546232e-02 3.407781833442546232e-02 4.102493840168027622e-02 5.898680057995571435e-02
4.847234383111001521e-02 3.331897391699967237e-02 3.331897391699967237e-02 5.432142267339980929e-02 6.660544641332510896e-02
4.856193901549470809e-02 4.001103979658289511e-02 4.001103979658289511e-02 7.141653464337184565e-02 9.259907291954015685e-02
3.509740677714973806e-02 3.509740677714973806e-02 3.509740677714973806e-02 4.303949698859746431e-02 5.318117054699566387e-02
4.795622777658385683e-02 3.348310849875246048e-02 3.348310849875246048e-02 5.736757974708826813e-02 7.969085718872015445e-02
4.295616907938529239e-02 4.003717121468461371e-02 4.003717121468461371e-02 8.024419744306870994e-02 1.014252749363919043e-01
2.138612432243906791e-02 2.430945637020236194e-02 2.138612432243906791e-02 4.155649744925853095e-02 6.119873333298005841e-02
5.659266638970705809e-02 4.804228081435409081e-02 5.659266638970705809e-02 6.450209976337210882e-02 8.508630161732494424e-02
3.083764505915606927e-02 3.083764505915606927e-02 3.083764505915606927e-02 3.970922384730398574e-02 5.364375880843710864e-02
2.915018675985865323e-02 2.915018675985865323e-02 2.915018675985865323e-02 3.744359312496149672e-02 6.001022487826848661e-02
4.107596523753365841e-02 4.107596523753365841e-02 4.107596523753365841e-02 5.179034801160661144e-02 7.915999587579161667e-02
3.552700015955660012e-02 3.035103356304899233e-02 3.035103356304899233e-02 4.484501165978355824e-02 6.697539883689605789e-02
4.275723569391338269e-02 4.163345357170444849e-02 4.163345357170444849e-02 4.605511036860274188e-02 6.602154254635467234e-02
3.501292198363474550e-02 3.422300665641945377e-02 3.422300665641945377e-02 4.567862227549723125e-02 6.301910958430077814e-02
3.328051235908428135e-02 3.328051235908428135e-02 3.328051235908428135e-02 3.895729563778819321e-02 5.979243514132864812e-02
5.203418755868986084e-02 5.203418755868986084e-02 5.480406389808003403e-02 5.218697027196966820e-02 6.719550707034198378e-02
3.103656038890643953e-02 3.254966284384013669e-02 3.103656038890643953e-02 3.459725416371511875e-02 4.905249657045609307e-02
3.805817567655231382e-02 3.166326149731723411e-02 3.166326149731723411e-02 3.805817567655231382e-02 6.052935750546731275e-02
4.362858809513356362e-02 3.479362028704090226e-02 4.362858809513356362e-02 3.479362028704090226e-02 4.490218408458335891e-02
3.840075398134541740e-02 3.840075398134541740e-02 3.840075398134541740e-02 4.919242157036450569e-02 7.122317924292431712e-02
4.821683141912636028e-02 5.091652354771212391e-02 5.091652354771212391e-02 4.946182007344040316e-02 5.452792323730297486e-02
3.216561966528914268e-02 3.216561966528914268e-02 3.216561966528914268e-02 4.528030924200916740e-02 4.922419300178510621e-02
4.776633929106124943e-02 3.691298127322383688e-02 3.691298127322383688e-02 3.689046271017552836e-02 5.227482788346358294e-02
4.529490577313875083e-02 3.834780034474562227e-02 3.834780034474562227e-02 4.488348257766952565e-02 4.753414940302694291e-02
4.588489619887429344e-02 4.588489619887429344e-02 4.588489619887429344e-02 5.774564315268240072e-02 6.457093981216747991e-02
5.310322136363564149e-02 4.387122856215815159e-02 4.387122856215815159e-02 5.657840555265050697e-02 5.310322136363564149e-02
5.950777275915982573e-02 5.950777275915982573e-02 5.950777275915982573e-02 7.559403543699788619e-02 5.877406356590384601e-02
6.677828926870021942e-02 5.369490112598627324e-02 5.369490112598627324e-02 8.114633888725253374e-02 6.043954024288817478e-02
6.977717631780561147e-02 5.637549314930451888e-02 5.637549314930451888e-02 8.103909317586283079e-02 9.486304689783814359e-02
7.230505107942629406e-02 7.230505107942629406e-02 7.230505107942629406e-02 1.080345589145755292e-01 1.008028518307592658e-01
4.220080302279629464e-02 7.321144761052890415e-02 7.321144761052890415e-02 1.037616876199555366e-01 7.948861436017190529e-02
6.003722921734068463e-02 6.003722921734068463e-02 6.701214717376519081e-02 1.206713226963467417e-01 7.971029466846125955e-02
5.497978023234721678e-02 5.497978023234721678e-02 4.986005576291911712e-02 9.959442662228254473e-02 8.480897833220914228e-02
6.212968759121861861e-02 6.212968759121861861e-02 6.912699634685223748e-02 1.117325210580955436e-01 8.540925997222778565e-02
6.703102078788629459e-02 6.703102078788629459e-02 6.032464486258419523e-02 1.320365649839584654e-01 1.030334839995434987e-01
6.400640533993223746e-02 6.400640533993223746e-02 6.400640533993223746e-02 1.221055284431823151e-01 8.940261334241811353e-02
5.927755658101410002e-02 5.927755658101410002e-02 5.927755658101410002e-02 1.401771968901492915e-01 1.141060964354066870e-01
4.113997377073075334e-02 4.491903180220736813e-02 4.852422427495851204e-02 1.275560474666361244e-01 9.423685015686796007e-02
6.654455460207372997e-02 6.654455460207372997e-02 7.080703869649736248e-02 1.452609979498061532e-01 1.385060092913852070e-01
6.901718532081713153e-02 6.781881365419008267e-02 6.781881365419008267e-02 1.493200023052346781e-01 1.427024528337867970e-01
5.329085728420716178e-02 5.329085728420716178e-02 5.329085728420716178e-02 9.929973932922865620e-02 7.296377651651368701e-02
7.741178695403759524e-02 8.414298597420222237e-02 7.741178695403759524e-02 1.320374406376653709e-01 1.108730383708802641e-01
5.412554489128117152e-02 5.412554489128117152e-02 5.412554489128117152e-02 1.135127312589829518e-01 8.304753924435379075e-02
5.514467043965046167e-02 5.514467043965046167e-02 5.514467043965046167e-02 1.277081067369033041e-01 1.028312950766111650e-01
6.013903446077406567e-02 6.013903446077406567e-02 6.013903446077406567e-02 1.335100716500610685e-01 1.386908093087395044e-01
1.131471803095417533e-01 4.637355833883388678e-02 7.907966228958758503e-02 2.029615171897109771e-01 2.269291846747055197e-01
8.889481718576920655e-02 8.889481718576920655e-02 8.889481718576920655e-02 1.593756708735391547e-01 1.234324598414510976e-01
7.926810257769180412e-02 7.926810257769180412e-02 8.196714116743576695e-02 1.011735849987087377e-01 1.015704135869377189e-01
1.044582940262853005e-01 1.044582940262853005e-01 1.044582940262853005e-01 1.869007167483228427e-01 1.587411442071089418e-01
1.123302423657599192e-01 1.123302423657599192e-01 1.123302423657599192e-01 1.867000029170352293e-01 1.877791351905205575e-01
7.790433878664006218e-02 7.790433878664006218e-02 7.790433878664006218e-02 1.703341682722242512e-01 1.597706159105390933e-01
6.625618372073521778e-02 5.712133154984737338e-02 6.625618372073521778e-02 1.372597725242009903e-01 1.333229904758217732e-01
5.651392494533028638e-02 5.114482316356925434e-02 5.114482316356925434e-02 1.310682667693212622e-01 1.323684109215793325e-01
5.006924737629322303e-02 5.247680005354964788e-02 5.247680005354964788e-02 1.038825163688982534e-01 1.342283568241557090e-01
5.666271016209276090e-02 5.666271016209276090e-02 5.666271016209276090e-02 1.154658982637405407e-01 1.275913030926390801e-01
4.419328719091027147e-02 4.419328719091027147e-02 4.419328719091027147e-02 9.809650346593913606e-02 1.366882435091786308e-01
6.363376516207937261e-02 6.363376516207937261e-02 6.363376516207937261e-02 1.118477074281736955e-01 1.077864367043994825e-01
6.395109003815287185e-02 5.247747266527947457e-02 5.247747266527947457e-02 8.881628571682334550e-02 1.127477343425370704e-01
1.040341190049868803e-01 7.801198679075597997e-02 7.801198679075597997e-02 9.811821178971932844e-02 1.062681722299532588e-01
6.602204103976563876e-02 7.675891674005679011e-02 6.602204103976563876e-02 9.856587993189537544e-02 1.109545080432342290e-01
6.816643426750473855e-02 6.816643426750473855e-02 6.816643426750473855e-02 7.986471720234500360e-02 9.161480210271623348e-02
7.110990803864220000e-02 6.719246404693074437e-02 7.209367097606583785e-02 7.871896405586736867e-02 8.863650699218419970e-02
7.917540476875115085e-02 7.917540476875115085e-02 7.917540476875115085e-02 1.030092085854833334e-01 1.160240933069542346e-01
9.866770438970434709e-02 9.866770438970434709e-02 9.866770438970434709e-02 1.006474531598009203e-01 1.158934032478643045e-01
7.516495243612925092e-02 6.703782504316105340e-02 6.703782504316105340e-02 7.516495243612925092e-02 9.563471332023630589e-02
6.105149197368991976e-02 5.185356822249868186e-02 5.185356822249868186e-02 6.071814662763183601e-02 7.723966666344270204e-02
7.075513012171481819e-02 6.400787215505956973e-02 6.400787215505956973e-02 5.830440735283831666e-02 9.985372794402833097e-02
5.329529715724674876e-02 5.329529715724674876e-02 5.913179004647436954e-02 6.210758309214827605e-02 8.075950364947477589e-02
4.756836719095370453e-02 4.756836719095370453e-02 4.756836719095370453e-02 5.999831158449384777e-02 9.017093519100792542e-02
6.673142007263281605e-02 6.673142007263281605e-02 7.582871606481444982e-02 7.677054315329835676e-02 9.922241801682027407e-02
4.732172496658321181e-02 4.732172496658321181e-02 4.732172496658321181e-02 5.186911871615057512e-02 8.736304162956844144e-02
5.790114608586784117e-02 5.694579577183699060e-02 5.694579577183699060e-02 5.781353302121140791e-02 8.051564115332728033e-02
6.372686081534108260e-02 6.372686081534108260e-02 6.542241767666392982e-02 6.372686081534108260e-02 8.377707139035821260e-02
6.422725981701310483e-02 6.422725981701310483e-02 6.422725981701310483e-02 7.705211540856919672e-02 9.631105957252095173e-02
7.381306683081301223e-02 7.381306683081301223e-02 7.381306683081301223e-02 7.320051315472309028e-02 8.567720649457792603e-02
6.099184713976479877e-02 6.099184713976479877e-02 6.099184713976479877e-02 6.697436933852958518e-02 8.120383828788459157e-02
6.490900034899300952e-02 6.490900034899300952e-02 6.490900034899300952e-02 7.574510888793074825e-02 9.454040903744993785e-02
4.939835962681592141e-02 4.939835962681592141e-02 4.939835962681592141e-02 6.384776197978886403e-02 8.981380614075624991e-02
4.804267841872449790e-02 4.804267841872449790e-02 4.804267841872449790e-02 5.971361783369216747e-02 7.461433276136215931e-02
6.252391569414049444e-02 5.684635544037221905e-02 5.684635544037221905e-02 5.852093554082132137e-02 7.454298326969005517e-02
6.525057535379337470e-02 6.525057535379337470e-02 6.525057535379337470e-02 6.764417131998878840e-02 8.477221610680632513e-02
5.172077806563716434e-02 5.172077806563716434e-02 5.172077806563716434e-02 5.665319002826093436e-02 7.777652672843639314e-02
4.322632314663969050e-02 4.322632314663969050e-02 4.322632314663969050e-02 5.999658342407903494e-02 7.333192404313693125e-02
5.111325891756902939e-02 5.111325891756902939e-02 5.111325891756902939e-02 6.038745009548318610e-02 7.124960566686833197e-02
4.855918185509457835e-02 4.580574924733131492e-02 4.580574924733131492e-02 6.525115140549302140e-02 7.154146733850275108e-02
4.780628697603205024e-02 4.780628697603205024e-02 4.780628697603205024e-02 6.474537774323679828e-02 6.917186737150350651e-02
4.265752233397813314e-02 4.265752233397813314e-02 4.265752233397813314e-02 6.106570853270815863e-02 6.339856762348602959e-02
4.955045133599617069e-02 4.159032400275444047e-02 4.159032400275444047e-02 7.444041025559391955e-02 7.195093022460408161e-02
4.786872707000650734e-02 4.774525665653182871e-02 4.774525665653182871e-02 6.689082410875904494e-02 6.775485893431532070e-02
4.404591771490613122e-02 4.303615923616147670e-02 4.303615923616147670e-02 6.738643652237182036e-02 6.596961213511935707e-02
