3.494244225302864382e-01 3.494244225302864382e-01 3.494244225302864382e-01 3.494244225302864382e-01 3.494244225302864382e-01
2.194645101979774138e-01 2.331223257435344476e-01 2.331223257435344476e-01 2.331223257435344476e-01 2.331223257435344476e-01
1.995670787003797908e-01 1.885198569034741145e-01 1.885198569034741145e-01 1.885198569034741145e-01 1.885198569034741145e-01
3.097792757739490366e-01 2.830436375676004812e-01 2.830436375676004812e-01 2.830436375676004812e-01 2.830436375676004812e-01
2.162621285485893108e-01 2.413414210737421794e-01 2.413414210737421794e-01 2.413414210737421794e-01 2.413414210737421794e-01
1.391356162235580507e-01 1.449294221430746654e-01 1.449294221430746654e-01 1.449294221430746654e-01 1.449294221430746654e-01
1.204515554144860168e-01 1.167181750519693251e-01 1.893956819567202132e-01 1.893956819567202132e-01 1.893956819567202132e-01
1.129095889374561873e-01 8.225067222727995564e-02 9.098311919632073863e-02 9.098311919632073863e-02 9.098311919632073863e-02
1.710507935231911081e-01 1.608364799301544301e-01 1.495817247121593863e-01 1.495817247121593863e-01 1.495817247121593863e-01
6.568094779805186412e-02 6.692944498197093972e-02 6.568094779805186412e-02 6.568094779805186412e-02 6.568094779805186412e-02
9.763626651312823368e-02 1.026517927173547368e-01 1.026517927173547368e-01 1.026517927173547368e-01 1.026517927173547368e-01
4.374424451479980158e-02 4.374424451479980158e-02 4.374424451479980158e-02 4.374424451479980158e-02 4.374424451479980158e-02
4.875034187844698441e-02 5.211482870972110326e-02 5.260109406491940420e-02 5.260109406491940420e-02 5.260109406491940420e-02
1.074517488645712754e-01 9.992860859133949336e-02 1.001234318299378950e-01 1.001234318299378950e-01 1.001234318299378950e-01
1.014018590428161504e-01 1.014018590428161504e-01 1.024939227560184157e-01 1.024939227560184157e-01 1.024939227560184157e-01
8.291325279057980280e-02 7.462489489945572929e-02 8.291325279057980280e-02 8.291325279057980280e-02 8.291325279057980280e-02
6.129806673591094851e-02 6.400676287946661935e-02 6.400676287946661935e-02 6.400676287946661935e-02 6.400676287946661935e-02
9.343093732466316303e-02 9.343093732466316303e-02 9.343093732466316303e-02 9.474751023557066720e-02 9.474751023557066720e-02
5.928883968116497455e-02 5.928883968116497455e-02 5.928883968116497455e-02 6.178433146779247626e-02 6.178433146779247626e-02
7.796724515166721103e-02 8.160791452358499842e-02 7.755376295237716155e-02 7.757659137609310140e-02 7.757659137609310140e-02
7.937143837691211512e-02 7.937143837691211512e-02 7.937143837691211512e-02 8.217608567659251406e-02 8.217608567659251406e-02
8.716083417515187171e-02 8.640517866898053678e-02 8.716083417515187171e-02 8.757158950106308515e-02 8.757158950106308515e-02
1.035766730971836441e-01 9.318197595367531949e-02 8.301770914871495211e-02 8.269697413862854563e-02 8.269697413862854563e-02
7.080299620239341452e-02 7.080299620239341452e-02 8.684632053040575173e-02 8.684632053040575173e-02 8.684632053040575173e-02
9.564269558962847084e-02 9.564269558962847084e-02 9.564269558962847084e-02 8.722059301057463743e-02 8.722059301057463743e-02
7.056447888979826277e-02 7.249206831661128558e-02 7.249206831661128558e-02 7.135475605073832162e-02 7.135475605073832162e-02
6.239142276842309098e-02 5.907524896119331625e-02 5.907524896119331625e-02 5.530142342559173085e-02 5.530142342559173085e-02
7.481002204614138618e-02 7.481002204614138618e-02 6.828520943844881841e-02 6.553085555311669030e-02 6.553085555311669030e-02
7.280747203986122351e-02 7.525552940334855057e-02 6.479292115868004465e-02 6.479292115868004465e-02 6.479292115868004465e-02
7.045714586540673119e-02 7.045714586540673119e-02 7.246159095325116484e-02 8.615544549764769799e-02 8.615544549764769799e-02
8.645032740323686793e-02 7.055867134932825024e-02 6.601699759614015894e-02 7.055867134932825024e-02 7.055867134932825024e-02
7.911115335471462229e-02 7.911115335471462229e-02 7.314513638248741623e-02 7.274832996199592783e-02 7.274832996199592783e-02
6.712971209101718795e-02 6.712971209101718795e-02 6.712971209101718795e-02 6.326217419184271273e-02 6.326217419184271273e-02
1.293968515504525796e-01 1.293968515504525796e-01 1.463433075593917332e-01 1.463433075593917332e-01 1.463433075593917332e-01
1.000924660587152737e-01 9.982128546188012708e-02 1.000924660587152737e-01 1.028291545339862223e-01 1.028291545339862223e-01
8.775385976742508531e-02 9.186881566940317823e-02 8.775385976742508531e-02 9.646135225212562614e-02 9.646135225212562614e-02
7.262181719377509836e-02 7.262181719377509836e-02 7.262181719377509836e-02 8.841381226075652189e-02 8.841381226075652189e-02
9.369114569980059593e-02 1.028604253681751485e-01 1.028604253681751485e-01 1.194381496364707584e-01 1.194381496364707584e-01
6.979329398982286881e-02 6.523974341018372314e-02 6.523974341018372314e-02 7.215236277048026059e-02 7.215236277048026059e-02
8.015182012119799471e-02 8.015182012119799471e-02 1.004027513193317123e-01 1.081831049574590586e-01 1.081831049574590586e-01
6.457810755564759309e-02 6.457810755564759309e-02 5.498061999914453934e-02 5.987964363349062430e-02 5.987964363349062430e-02
8.999170746189706638e-02 8.539970397674619129e-02 8.539970397674619129e-02 9.663548045523785712e-02 9.663548045523785712e-02
8.096066526332244828e-02 7.850419281516382575e-02 7.711908327087590997e-02 8.645710197243473838e-02 8.645710197243473838e-02
8.746349803239439336e-02 8.746349803239439336e-02 9.200401711399061599e-02 1.054013197096605181e-01 1.054013197096605181e-01
7.443756138235016473e-02 7.443756138235016473e-02 7.443756138235016473e-02 8.435600822216215988e-02 8.435600822216215988e-02
8.936369849733824533e-02 7.674029014472741328e-02 8.936369849733824533e-02 1.028126579651134909e-01 1.028126579651134909e-01
6.156963600377754475e-02 6.180474249525985675e-02 6.385582956954888312e-02 6.559433171672755802e-02 6.559433171672755802e-02
8.292958468006249306e-02 8.389580741529324703e-02 8.389580741529324703e-02 9.540395883643790209e-02 9.540395883643790209e-02
7.809837083022315440e-02 7.967816202550105642e-02 7.809837083022315440e-02 7.538432896985683418e-02 7.538432896985683418e-02
8.729599966929246779e-02 6.951436694810382566e-02 6.573895619643005395e-02 7.380966399217098184e-02 7.380966399217098184e-02
9.249816026913823541e-02 8.371393440366273198e-02 8.565127527396024232e-02 9.870922547324179064e-02 9.870922547324179064e-02
6.024116881727539785e-02 6.024116881727539785e-02 6.489445277883089391e-02 6.669530290430679409e-02 6.669530290430679409e-02
8.328651133914688476e-02 8.328651133914688476e-02 8.686766497540479581e-02 8.631307532526313886e-02 8.631307532526313886e-02
6.751087562029807476e-02 7.763551146798827740e-02 7.502723363619580310e-02 8.841608665124016386e-02 8.841608665124016386e-02
5.376220071283014518e-02 6.151603933558455473e-02 5.951331577919394961e-02 5.376220071283014518e-02 5.376220071283014518e-02
5.947677979211673377e-02 5.947677979211673377e-02 5.969156249783148793e-02 6.278095604246285155e-02 6.278095604246285155e-02
6.672056317321602148e-02 7.382074967430528323e-02 7.382074967430528323e-02 6.672056317321602148e-02 6.672056317321602148e-02
7.009231472085640513e-02 7.193629622811786861e-02 7.193629622811786861e-02 8.044285636064656131e-02 8.044285636064656131e-02
7.183278687601792056e-02 8.014062180768158350e-02 8.014062180768158350e-02 8.093750993290839413e-02 8.093750993290839413e-02
5.257399027153313725e-02 5.428074283582615817e-02 5.428074283582615817e-02 6.320810109795522991e-02 6.320810109795522991e-02
5.643466642233332942e-02 5.643466642233332942e-02 6.313795165790409003e-02 7.674153523066069849e-02 7.674153523066069849e-02
7.529376273703439204e-02 7.870711103027190625e-02 7.529376273703439204e-02 7.431324339208857099e-02 7.431324339208857099e-02
7.148091931000537247e-02 7.148091931000537247e-02 7.148091931000537247e-02 8.193481107031466704e-02 8.193481107031466704e-02
7.945072267395190957e-02 7.545953900621979460e-02 7.792036081411896076e-02 9.021365149298249397e-02 9.021365149298249397e-02
6.485688099795730577e-02 6.044095177723361051e-02 6.044095177723361051e-02 7.213624205121814403e-02 7.213624205121814403e-02
6.777130613085659283e-02 6.777130613085659283e-02 6.777130613085659283e-02 9.102172056875425243e-02 9.102172056875425243e-02
6.809381797782168566e-02 7.190320030778343807e-02 7.190320030778343807e-02 7.728925861284469123e-02 7.987228349313449383e-02
4.764867273685456650e-02 5.813780004540832630e-02 5.813780004540832630e-02 6.670040127416769493e-02 6.784402915762362263e-02
6.835276371986691302e-02 6.835276371986691302e-02 8.807005596595200714e-02 8.492055972526055263e-02 8.643663199303680544e-02
7.184801739023950751e-02 6.096207631701867913e-02 6.980830275087068770e-02 9.962010371037610668e-02 9.871716616556529267e-02
5.297951451026856884e-02 4.673753287352973990e-02 5.559720379438440330e-02 7.116175881690253724e-02 7.260998659111315978e-02
8.574934243523960054e-02 7.153178379737405723e-02 8.574934243523960054e-02 1.082924972659110724e-01 1.061659920620824649e-01
6.392271717791649099e-02 6.392271717791649099e-02 9.969873536720967599e-02 1.409764194075141808e-01 1.426518453811523868e-01
7.296017690122132138e-02 7.296017690122132138e-02 9.294236440664750687e-02 1.127045449016876449e-01 1.130156167395286876e-01
6.545123068634366159e-02 6.313338542419075217e-02 8.150235121834155383e-02 1.129792458620456075e-01 1.087607518738112761e-01
7.909393083216212372e-02 6.976915549031421915e-02 8.477219043389970510e-02 1.273415911198815531e-01 1.267419782269261774e-01
6.024028210233158681e-02 5.641007614896859090e-02 9.068913651306920176e-02 1.243591185620425144e-01 1.266042329409903244e-01
6.195842778725221128e-02 5.380276846600868385e-02 1.067074615319370812e-01 1.511454959015783861e-01 1.562030315097588939e-01
7.230296400771105136e-02 5.999393306144865795e-02 9.170440387567742324e-02 1.041553257226637413e-01 9.757346581606272939e-02
4.883993838833377427e-02 4.883993838833377427e-02 6.417174922509424895e-02 1.162590155341969300e-01 1.197625291553138516e-01
5.355513766894823280e-02 5.355513766894823280e-02 6.776881912639627636e-02 1.148175836613983675e-01 1.193721713516691513e-01
6.009118964128964263e-02 5.893794674368711684e-02 5.841781198971009864e-02 1.034673597414107887e-01 1.105366144731163847e-01
5.960143057033503999e-02 5.461825268909889508e-02 5.643367130372625717e-02 8.428073022574118778e-02 8.767306612803356380e-02
5.237412851423124682e-02 5.662695324191760471e-02 6.665354290002414861e-02 8.502136468501388100e-02 8.805843988481684703e-02
4.349841478238341413e-02 4.349841478238341413e-02 4.349841478238341413e-02 7.792022282548989598e-02 8.472456913046462479e-02
5.225103869563849784e-02 5.225103869563849784e-02 5.225103869563849784e-02 8.740205009563464800e-02 9.651989747428153799e-02
1.095325972459533365e-01 9.124227847520208212e-02 9.124227847520208212e-02 1.110410856849916444e-01 1.221654078295332790e-01
7.096853839614944426e-02 7.238268480300748264e-02 7.238268480300748264e-02 1.258734494622691658e-01 1.340547921034756784e-01
3.834112403126315599e-02 3.834112403126315599e-02 3.834112403126315599e-02 7.166244901009027890e-02 7.404274880744271536e-02
6.556283598140526248e-02 6.613072796318213153e-02 6.613072796318213153e-02 1.268179993753610624e-01 1.496580324032467102e-01
6.936478681782361211e-02 5.919981047430249860e-02 5.919981047430249860e-02 9.092521383676561986e-02 9.735375242200287882e-02
8.418204165754263057e-02 7.628651429672765605e-02 7.628651429672765605e-02 1.067103185723773384e-01 1.260656012574285501e-01
7.797349206005475819e-02 5.554247244130625094e-02 5.129432332364791680e-02 7.477955192564175735e-02 8.511918438389567965e-02
4.951076468435396116e-02 4.951076468435396116e-02 4.217429572513436281e-02 7.263936599937116656e-02 8.257275513428408154e-02
1.029514830133513026e-01 6.436711620553517421e-02 6.436711620553517421e-02 8.822244427001453559e-02 9.141905239334492672e-02
4.795090351519518818e-02 4.795090351519518818e-02 4.795090351519518818e-02 8.322575660345742088e-02 9.595909674638934683e-02
5.599450251229293185e-02 5.599450251229293185e-02 5.599450251229293185e-02 6.566131167646367672e-02 7.317708794722789511e-02
5.068287443525998359e-02 5.068287443525998359e-02 5.068287443525998359e-02 6.452000118780520932e-02 8.507560251712371902e-02
3.688584972160934006e-02 3.688584972160934006e-02 3.688584972160934006e-02 4.456101600147169967e-02 6.105284943706219131e-02
5.050065364095791126e-02 3.912919364011528678e-02 3.912919364011528678e-02 6.578888848408674661e-02 7.969512010564785975e-02
2.923754129418580303e-02 2.341558847581425018e-02 2.341558847581425018e-02 4.668191189142056885e-02 5.898896859859695252e-02
4.412362698562007080e-02 4.412362698562007080e-02 4.412362698562007080e-02 6.347323854863884396e-02 6.760235218828243575e-02
3.652516735094265415e-02 3.652516735094265415e-02 3.652516735094265415e-02 4.795036508206405174e-02 6.418119776654276909e-02
3.425284366437366529e-02 3.425284366437366529e-02 3.425284366437366529e-02 5.768775011609748871e-02 7.152705643132171998e-02
2.912292202530406687e-02 2.912292202530406687e-02 2.912292202530406687e-02 4.718356479979424895e-02 5.470728611680878567e-02
3.074592257487947580e-02 3.074592257487947580e-02 3.074592257487947580e-02 5.692174245837954699e-02 8.592028673952549489e-02
5.979467785042678202e-02 6.045956104222492689e-02 6.045956104222492689e-02 7.729235413796498033e-02 9.556186568718069707e-02
3.391517943510918148e-02 3.234942246608261962e-02 3.234942246608261962e-02 4.378853247241127483e-02 6.098083786849402277e-02
3.174882197219573710e-02 2.991389023282589252e-02 2.991389023282589252e-02 4.967145926473274381e-02 6.424065139940350611e-02
3.982344949949750967e-02 4.153563778444654270e-02 3.982344949949750967e-02 4.482219286839774636e-02 5.985355158589067415e-02
2.376372811669433260e-02 2.376372811669433260e-02 2.376372811669433260e-02 4.209131131369727580e-02 6.187068343091420980e-02
3.173483652151214141e-02 3.173483652151214141e-02 3.173483652151214141e-02 4.956426367595800214e-02 7.683810653066047713e-02
3.838016542541149850e-02 3.297848343279356775e-02 3.297848343279356775e-02 5.572758864689429659e-02 8.613876616160749677e-02
2.284758349227914570e-02 2.091519288217616457e-02 2.091519288217616457e-02 4.696032113992378021e-02 6.871055117743912755e-02
3.355525324853667057e-02 3.355525324853667057e-02 3.355525324853667057e-02 4.053259797755152938e-02 5.855739455033765611e-02
2.364084301759937848e-02 2.364084301759937848e-02 3.123048466373626320e-02 3.697288400902710992e-02 5.738578131764395657e-02
3.942818043927288907e-02 4.977069039482371476e-02 4.977069039482371476e-02 3.942818043927288907e-02 5.992618267008043703e-02
5.688760069237486922e-02 5.688760069237486922e-02 4.148420075003639296e-02 5.688760069237486922e-02 8.099625186719933145e-02
3.302696531604148306e-02 4.523584300469080111e-02 3.302696531604148306e-02 4.523584300469080111e-02 5.984525312469000935e-02
4.395880031980714531e-02 4.395880031980714531e-02 4.700269358480642368e-02 4.395880031980714531e-02 6.553977067897472086e-02
6.983713203321084695e-02 6.983713203321084695e-02 5.186540606413524851e-02 6.983713203321084695e-02 7.231266987820171577e-02
8.361522108880271864e-02 7.212965256700709649e-02 7.418689977035580752e-02 7.212965256700709649e-02 8.197674415527320124e-02
2.821940505146148040e-02 2.667767951639894025e-02 3.516766609878447386e-02 2.667767951639894025e-02 4.059842230218594500e-02
4.459744667162968829e-02 4.459744667162968829e-02 5.067153143607513316e-02 4.459744667162968829e-02 4.869506277668321503e-02
3.962199593762225774e-02 3.577723491168505882e-02 3.577723491168505882e-02 4.481031197230868346e-02 4.961706131795712987e-02
6.236741772796779160e-02 6.236741772796779160e-02 5.947163162626919325e-02 6.236741772796779160e-02 6.813507083140814269e-02
3.789975408460755785e-02 3.815201903332833544e-02 4.745201371673056501e-02 4.745201371673056501e-02 4.930719236327478494e-02
5.518022534093913745e-02 5.468093148744208876e-02 5.468093148744208876e-02 6.744709036241423872e-02 6.047473345943817774e-02
5.819438289521868674e-02 6.108188987152228522e-02 6.108188987152228522e-02 1.045085354539578848e-01 8.295470227990150991e-02
4.451297957183776577e-02 4.513909830691090891e-02 4.513909830691090891e-02 7.567894959858761927e-02 8.036828159508441205e-02
6.050686200257517078e-02 7.573421480987345411e-02 7.573421480987345411e-02 1.096797865143530476e-01 1.013347390820566601e-01
6.896244263953786591e-02 7.232896151398450491e-02 7.232896151398450491e-02 1.061154042792547408e-01 8.882728349157575920e-02
7.384993335390580005e-02 6.464086007718901350e-02 6.464086007718901350e-02 1.183621096374925796e-01 1.131260941762939343e-01
6.316584362437184519e-02 7.459135680906357757e-02 6.717334522337460589e-02 1.256443788106356430e-01 1.098072418090436375e-01
8.871038637401257310e-02 8.213599801272973566e-02 8.213599801272973566e-02 1.392784805771101198e-01 1.340342447873796583e-01
6.679020718045199090e-02 7.550814930616754628e-02 6.131228721757281397e-02 1.346618064615007215e-01 9.844829419577402763e-02
6.008825909767769730e-02 6.205825603440996013e-02 6.205825603440996013e-02 1.214097671013449342e-01 1.125152820635055145e-01
5.868117561526191989e-02 5.477242180354203321e-02 5.477242180354203321e-02 1.342806820747833585e-01 1.027393371126694710e-01
5.197674881540733510e-02 6.836661089981319051e-02 6.280732016177183186e-02 1.150516187948692065e-01 9.087945116198511974e-02
5.517791707035542975e-02 5.517791707035542975e-02 4.835228451673767580e-02 1.006071855957113570e-01 9.699556251227831050e-02
6.233732717616658620e-02 6.233732717616658620e-02 6.233732717616658620e-02 1.328289101048093224e-01 1.135524726365739201e-01
5.494725355223098462e-02 5.494725355223098462e-02 5.296860180754030256e-02 1.228926029499825545e-01 1.076509024484549742e-01
6.280672441113542559e-02 6.280672441113542559e-02 6.280672441113542559e-02 1.436300389928755472e-01 1.184880024276912663e-01
4.785104725243276291e-02 4.785104725243276291e-02 4.580653874388141561e-02 1.267363867278392675e-01 9.772466392863571327e-02
7.168478501166530847e-02 5.671738166020249411e-02 5.671738166020249411e-02 1.270120572369727030e-01 1.174801449430127320e-01
5.825449070454017525e-02 5.825449070454017525e-02 5.772800248307240895e-02 1.370770936170647158e-01 1.210340227608634467e-01
6.726678579201812724e-02 5.330549449491384789e-02 5.330549449491384789e-02 1.716058787656119800e-01 2.198237757379089274e-01
3.272739079203441925e-02 2.772678018803385533e-02 3.272739079203441925e-02 1.033957604781765294e-01 1.020524748794156555e-01
4.480431196655026982e-02 4.480431196655026982e-02 4.480431196655026982e-02 1.169721203509246493e-01 9.533224242495919043e-02
8.869671697394225507e-02 8.869671697394225507e-02 8.869671697394225507e-02 1.865860625355562907e-01 1.560081532302106666e-01
7.691378397545951817e-02 7.691378397545951817e-02 7.691378397545951817e-02 1.583246565570081144e-01 1.552988165741128190e-01
8.844456679214608708e-02 8.620147767815269924e-02 8.620147767815269924e-02 1.719808430356829232e-01 1.744010626529979846e-01
7.489966964004422800e-02 7.489966964004422800e-02 7.489966964004422800e-02 1.470783401074702290e-01 1.386161226866282625e-01
5.465981675748452645e-02 6.356005792593560910e-02 5.465981675748452645e-02 1.345495724185228892e-01 1.308376706022868763e-01
5.486292391501915860e-02 5.486292391501915860e-02 5.486292391501915860e-02 1.206877252083942281e-01 1.198034634466091791e-01
5.688933961791167726e-02 5.281310394309444295e-02 5.281310394309444295e-02 1.110115460124052045e-01 1.217804967095640900e-01
5.579913515332395740e-02 5.579913515332395740e-02 5.579913515332395740e-02 1.218218694029818139e-01 1.373548071597482934e-01
6.009564442935125955e-02 6.816017199154369988e-02 6.009564442935125955e-02 9.149035703604731229e-02 1.036376325664449538e-01
5.917627574463579787e-02 5.917627574463579787e-02 6.742862163912811957e-02 1.183843279263418480e-01 1.212600769873113798e-01
6.604258947646081401e-02 7.902920518841199948e-02 7.902920518841199948e-02 9.803356619689131135e-02 1.241062118346494825e-01
6.002585149540971832e-02 6.002585149540971832e-02 6.002585149540971832e-02 7.626492678295726524e-02 8.570558365999107753e-02
5.811552305130648216e-02 5.811552305130648216e-02 5.794822350876460693e-02 7.978221139611428592e-02 9.779096844023692225e-02
6.058553441911932597e-02 6.058553441911932597e-02 5.184574648489811977e-02 7.753684468707475186e-02 9.569312191143218571e-02
7.289659881358161175e-02 4.982139613141417511e-02 4.982139613141417511e-02 7.413230612658319729e-02 1.203592136168461640e-01
9.948364367433007449e-02 9.948364367433007449e-02 6.962702093275857651e-02 8.505210074241259521e-02 1.194762164398894266e-01
8.847529861678850305e-02 8.847529861678850305e-02 7.655628938901874736e-02 8.847529861678850305e-02 1.151086281164401814e-01
7.167961061730940275e-02 6.845861422332025215e-02 7.013224536342546611e-02 7.683048635453371134e-02 9.588908544864820083e-02
6.610262627596735774e-02 6.943638355392844907e-02 6.438948448386901113e-02 6.610262627596735774e-02 6.456634053850528188e-02
4.509089004825292402e-02 4.509089004825292402e-02 4.509089004825292402e-02 6.715515012432914099e-02 8.442859479391318089e-02
5.971002519210296539e-02 6.078206617243020471e-02 6.078206617243020471e-02 6.385386916851554240e-02 1.030737870732868905e-01
8.469066370105542141e-02 8.469066370105542141e-02 8.256578576240984624e-02 8.469066370105542141e-02 9.835969338559309716e-02
7.356151026039953189e-02 7.356151026039953189e-02 6.247299419268243642e-02 7.356151026039953189e-02 9.770721656937055022e-02
5.637573183916930186e-02 7.033716335723554092e-02 7.033716335723554092e-02 7.033716335723554092e-02 9.467793911625436987e-02
6.207858641542480377e-02 6.207858641542480377e-02 6.207858641542480377e-02 6.207858641542480377e-02 9.373693137977845424e-02
6.403692432499513698e-02 6.403692432499513698e-02 6.403692432499513698e-02 6.492825494015827537e-02 8.007868684316157837e-02
5.161744013516188223e-02 5.161744013516188223e-02 6.794755273259310557e-02 6.794755273259310557e-02 9.581807843379629153e-02
6.164740886616960902e-02 6.569000041192202266e-02 6.569000041192202266e-02 6.569000041192202266e-02 8.257941490312487032e-02
6.732216757306719312e-02 6.732216757306719312e-02 6.732216757306719312e-02 7.231535450320696057e-02 8.085825447227881768e-02
4.622433826694489351e-02 4.622433826694489351e-02 5.576834362661433481e-02 5.576834362661433481e-02 6.906250460065721519e-02
5.558559366643660293e-02 5.558559366643660293e-02 5.558559366643660293e-02 6.554993097695570314e-02 7.308812331510897153e-02
7.056793165276782631e-02 7.197290497013135446e-02 7.197290497013135446e-02 8.194775794469472130e-02 8.894637405112121309e-02
6.834427277518799471e-02 6.623823914631414567e-02 6.623823914631414567e-02 7.013612525678275533e-02 7.783419690158147053e-02
5.276110547116349275e-02 5.276110547116349275e-02 5.276110547116349275e-02 5.622266973937452977e-02 7.041148742082821432e-02
4.328450854972750589e-02 4.328450854972750589e-02 4.328450854972750589e-02 5.411699749827195149e-02 7.092457470551859211e-02
5.295182793830028462e-02 4.361697090846944347e-02 4.361697090846944347e-02 5.754360846213949637e-02 7.021340299429421061e-02
5.934196994846396844e-02 4.869993939668604971e-02 4.869993939668604971e-02 6.751993976215880933e-02 7.158125977678285456e-02
5.302248990238491583e-02 5.302248990238491583e-02 5.302248990238491583e-02 7.205145170574463187e-02 7.491417785187556855e-02
4.623917668579194395e-02 4.871568282652938980e-02 4.452118644393267266e-02 6.591254373471806816e-02 6.333794209880513892e-02
5.426915401403671624e-02 5.426915401403671624e-02 5.426915401403671624e-02 7.545997610539710576e-02 7.523254794775571797e-02
4.458685930437882028e-02 4.458685930437882028e-02 5.239550818769707352e-02 7.131658937363974382e-02 7.738426811036348829e-02
4.780088567050681109e-02 4.780088567050681109e-02 5.244847711742361279e-02 7.502722784454128602e-02 7.273682247527553379e-02
