3.300466514909664029e-01 3.300466514909664029e-01 3.300466514909664029e-01 3.300466514909664029e-01 3.300466514909664029e-01
2.427268990310152419e-01 2.427268990310152419e-01 2.427268990310152419e-01 2.427268990310152419e-01 2.427268990310152419e-01
1.662879415447109377e-01 1.662879415447109377e-01 1.662879415447109377e-01 1.662879415447109377e-01 1.662879415447109377e-01
2.896219983408745424e-01 2.651066854922766725e-01 2.762915325434776026e-01 2.762915325434776026e-01 2.762915325434776026e-01
1.831702742973288778e-01 1.831702742973288778e-01 1.831702742973288778e-01 1.831702742973288778e-01 1.831702742973288778e-01
1.280272853272027000e-01 1.280272853272027000e-01 1.349094784572085759e-01 1.349094784572085759e-01 1.349094784572085759e-01
1.282810436466479964e-01 2.100594323538387542e-01 2.027266531719186804e-01 2.027266531719186804e-01 2.027266531719186804e-01
9.268679052076961300e-02 7.173757887885406914e-02 9.268679052076961300e-02 9.268679052076961300e-02 9.268679052076961300e-02
2.193625515793415914e-01 2.185341680220234395e-01 2.025884969225917598e-01 2.025884969225917598e-01 2.025884969225917598e-01
6.357202537413836341e-02 6.357202537413836341e-02 6.120700031294745019e-02 6.120700031294745019e-02 6.120700031294745019e-02
1.089581683237910992e-01 1.062486096041506400e-01 1.062486096041506400e-01 1.062486096041506400e-01 1.062486096041506400e-01
5.907132802307262648e-02 5.907132802307262648e-02 6.111085310690973077e-02 6.111085310690973077e-02 6.111085310690973077e-02
5.939274385204912354e-02 5.447766628714402481e-02 5.467242756194046899e-02 5.467242756194046899e-02 5.467242756194046899e-02
9.143296303305335770e-02 9.383406058642364267e-02 9.383406058642364267e-02 9.383406058642364267e-02 9.383406058642364267e-02
8.153360281595224690e-02 8.153360281595224690e-02 8.153360281595224690e-02 8.153360281595224690e-02 8.153360281595224690e-02
6.395849839541212223e-02 6.891157801647437853e-02 6.891157801647437853e-02 6.891157801647437853e-02 6.891157801647437853e-02
7.433632628558545230e-02 7.433632628558545230e-02 7.484874858635813533e-02 7.484874858635813533e-02 7.484874858635813533e-02
1.016786745796731534e-01 1.000617999430031962e-01 9.832006161385468956e-02 1.000617999430031962e-01 1.000617999430031962e-01
6.818867864236664855e-02 7.491580098104073937e-02 7.491580098104073937e-02 7.779204819472901322e-02 7.779204819472901322e-02
8.423874679525755749e-02 8.834078824673050057e-02 8.752314975727901181e-02 8.834078824673050057e-02 8.834078824673050057e-02
7.853345299913901123e-02 6.859450023872150359e-02 6.532953079270367724e-02 6.590222987026002344e-02 6.590222987026002344e-02
7.515685447963986465e-02 7.515685447963986465e-02 7.139204747361133085e-02 6.844393342302554362e-02 6.844393342302554362e-02
6.973403306588835115e-02 7.893851447975663849e-02 7.893851447975663849e-02 7.893851447975663849e-02 7.893851447975663849e-02
9.858498453549241480e-02 1.303900313587315618e-01 9.858498453549241480e-02 9.858498453549241480e-02 9.858498453549241480e-02
6.140397021515177356e-02 6.599275015341476980e-02 6.140397021515177356e-02 6.140397021515177356e-02 6.140397021515177356e-02
7.062945139453498389e-02 7.519962186993868480e-02 7.062945139453498389e-02 7.195675835961803934e-02 7.195675835961803934e-02
4.733050027396668025e-02 5.017277214609620895e-02 4.959479129420352878e-02 5.514264924624053682e-02 5.514264924624053682e-02
6.751811691203880861e-02 6.751811691203880861e-02 6.628190101735935424e-02 6.836889187647667010e-02 6.836889187647667010e-02
6.781843973593729147e-02 7.194673829656299258e-02 6.952918952253721308e-02 7.333851085304481099e-02 7.333851085304481099e-02
9.338926387371809801e-02 7.064143812934407796e-02 7.896253259117841372e-02 9.338926387371809801e-02 9.338926387371809801e-02
6.477989756297948543e-02 6.477989756297948543e-02 6.477989756297948543e-02 8.472429795966929245e-02 8.472429795966929245e-02
6.306210148403582072e-02 6.741530158022002173e-02 6.965521272419457344e-02 6.306210148403582072e-02 6.306210148403582072e-02
1.085334117621949146e-01 7.335915295403548642e-02 7.335915295403548642e-02 7.744502319203989960e-02 7.744502319203989960e-02
1.128252865127479382e-01 1.202867387032241497e-01 1.202867387032241497e-01 1.128252865127479382e-01 1.128252865127479382e-01
9.742432803617430415e-02 9.742432803617430415e-02 1.145911744805294813e-01 1.145911744805294813e-01 1.145911744805294813e-01
7.288478583263659216e-02 7.288478583263659216e-02 7.288478583263659216e-02 8.280690921741121202e-02 8.280690921741121202e-02
8.832397722646305460e-02 6.822023171278394915e-02 6.822023171278394915e-02 8.111637857226579318e-02 8.111637857226579318e-02
6.993964873402849780e-02 7.380270872578377495e-02 7.380270872578377495e-02 9.468347958682767074e-02 9.468347958682767074e-02
7.635261187617981005e-02 7.635261187617981005e-02 7.635261187617981005e-02 8.959034090904030578e-02 8.959034090904030578e-02
9.221825998378703482e-02 1.016059632770757726e-01 1.016059632770757726e-01 1.127103007011979185e-01 1.127103007011979185e-01
5.992909166314790148e-02 6.452013478541389346e-02 6.452013478541389346e-02 8.634192938463748634e-02 8.634192938463748634e-02
1.136076970916884976e-01 1.047328119288351150e-01 1.047328119288351150e-01 1.232447619362822405e-01 1.232447619362822405e-01
1.021605144162925777e-01 9.732672031154659953e-02 9.732672031154659953e-02 1.126982179103510062e-01 1.126982179103510062e-01
8.021036894861328925e-02 8.124704881788855082e-02 8.124704881788855082e-02 8.021036894861328925e-02 8.021036894861328925e-02
9.234146368307925845e-02 8.288623724436715301e-02 8.908873590503314788e-02 8.833884559457019781e-02 8.833884559457019781e-02
7.852034146192642117e-02 7.437236021361143257e-02 7.852034146192642117e-02 7.899447088510577752e-02 7.899447088510577752e-02
6.078712209563833652e-02 6.078712209563833652e-02 6.204515050231044354e-02 7.660111657930968043e-02 7.660111657930968043e-02
8.541794510149713915e-02 8.541794510149713915e-02 8.541794510149713915e-02 8.102654109499890511e-02 8.102654109499890511e-02
9.829150207502959646e-02 7.955971054435176382e-02 7.955971054435176382e-02 9.829150207502959646e-02 9.829150207502959646e-02
7.885173350103236167e-02 7.452185392726930202e-02 7.882363603014877484e-02 8.660839530665427610e-02 8.660839530665427610e-02
7.737482827973210520e-02 7.863537740515992580e-02 8.669550167741639501e-02 8.976120466772294360e-02 8.976120466772294360e-02
4.888617104717435380e-02 4.888617104717435380e-02 6.494737179629919699e-02 7.190031982582702208e-02 7.190031982582702208e-02
6.687659521026965981e-02 6.687659521026965981e-02 7.274570923432155389e-02 7.167418546799825263e-02 7.167418546799825263e-02
6.808790938853442887e-02 6.808790938853442887e-02 7.217160002263402208e-02 8.442749695254861408e-02 8.442749695254861408e-02
9.057827728864922823e-02 7.533344196191046893e-02 9.256619808236719871e-02 7.893275952085217206e-02 7.893275952085217206e-02
7.841856370528525744e-02 7.841856370528525744e-02 6.192090432697443247e-02 6.933989775484748763e-02 6.933989775484748763e-02
8.894241936084963662e-02 9.216194011470121850e-02 9.701754688584481034e-02 9.594530825914276972e-02 9.594530825914276972e-02
9.784546985711972678e-02 9.784546985711972678e-02 8.470009348594950693e-02 9.263086160741540454e-02 9.263086160741540454e-02
7.207798436429800615e-02 8.187364629889355705e-02 7.128883639129104943e-02 8.187364629889355705e-02 8.187364629889355705e-02
8.165841602988468950e-02 8.639280102188756638e-02 8.639280102188756638e-02 8.936019991066779244e-02 8.936019991066779244e-02
7.010504315545734721e-02 6.107924708788666640e-02 6.107924708788666640e-02 6.408654416446699087e-02 6.408654416446699087e-02
7.600269941339708735e-02 7.600269941339708735e-02 6.885776754804272259e-02 8.044090344074239507e-02 8.044090344074239507e-02
8.072546350906471824e-02 8.072546350906471824e-02 8.072546350906471824e-02 8.476140295494465071e-02 8.476140295494465071e-02
6.848863791948879565e-02 7.757814670285069492e-02 6.996309177649459587e-02 8.331098667555525417e-02 8.331098667555525417e-02
6.496015992476994461e-02 6.496015992476994461e-02 7.050936600870803816e-02 7.177704204826705625e-02 7.177704204826705625e-02
6.071312330347395508e-02 6.370822833927253237e-02 6.370822833927253237e-02 8.463750551437765335e-02 8.463750551437765335e-02
7.354981005264435434e-02 7.540941614156533579e-02 7.242321528875181325e-02 7.504973514792166733e-02 7.628728302501468217e-02
5.551919285094415041e-02 5.551919285094415041e-02 6.375507049459400166e-02 7.808734089009392032e-02 7.808734089009392032e-02
6.449337258025023001e-02 6.449337258025023001e-02 8.752700044401982848e-02 8.976078529732366140e-02 9.133090950527998630e-02
6.445958870005186192e-02 5.620689992370717092e-02 7.745801203567884152e-02 9.636900117780962394e-02 1.025342573526333567e-01
6.620874957785909121e-02 5.839544433250670047e-02 6.891638354238135977e-02 7.891110317867448820e-02 7.997142449469014924e-02
6.881437872643102194e-02 6.881437872643102194e-02 7.491221322744706645e-02 8.792602829531261099e-02 8.813696744458687782e-02
6.268467564827424898e-02 6.268467564827424898e-02 8.412626703438062792e-02 1.224518093505611860e-01 1.252054624025324414e-01
6.889931698397204485e-02 6.889931698397204485e-02 8.413949294891640007e-02 1.072188376551165695e-01 1.098014889252125342e-01
5.796347950302789542e-02 5.796347950302789542e-02 8.082556040815626341e-02 1.165924953014557119e-01 1.228646711152290988e-01
5.524562871135911546e-02 5.524562871135911546e-02 7.829323073653139675e-02 1.130161866036331203e-01 1.071177668081424866e-01
5.318704428880172141e-02 5.318704428880172141e-02 8.891872040220308304e-02 1.221178705352341798e-01 1.243507342065504756e-01
5.723614745902318862e-02 5.723614745902318862e-02 8.375751054048635735e-02 1.231261669929845232e-01 1.291951991643534026e-01
5.883416101911601720e-02 5.883416101911601720e-02 7.645068037070702760e-02 9.388027253870581679e-02 9.995322979266157981e-02
5.147347634326426835e-02 4.795564225200537462e-02 6.341000079040735871e-02 9.852218979201991800e-02 1.013351279076041417e-01
5.467728001140945843e-02 6.099463507826829306e-02 7.222810146722523361e-02 1.169996629280428274e-01 1.200382716539597078e-01
6.729479622019418628e-02 6.141427122708809083e-02 6.729479622019418628e-02 1.023733723862361028e-01 1.094671945047693273e-01
4.485696067615072696e-02 4.485696067615072696e-02 4.839580611900016344e-02 9.068886166872612564e-02 9.743291140254922711e-02
4.588734983607426626e-02 4.588734983607426626e-02 4.588734983607426626e-02 7.906263966515884867e-02 8.782334062202969138e-02
5.995963766016572383e-02 5.995963766016572383e-02 5.995963766016572383e-02 8.236492846289526770e-02 8.803617698403519432e-02
6.549381442827363620e-02 6.549381442827363620e-02 6.549381442827363620e-02 1.136598547315946645e-01 1.185075929462951622e-01
5.522848166251466406e-02 5.283506630403367321e-02 5.283506630403367321e-02 1.197558371878887223e-01 1.196028389875517239e-01
3.938919805709961003e-02 3.938919805709961003e-02 3.938919805709961003e-02 8.004976277045842969e-02 8.849793570528258213e-02
6.691402298106935431e-02 6.036703891334806865e-02 6.036703891334806865e-02 9.885810827662855349e-02 1.019436979566011175e-01
4.458631048648696582e-02 6.407200439377899737e-02 6.407200439377899737e-02 1.052277019112053819e-01 1.147911428713420945e-01
1.003688445045652355e-01 8.162382661470828082e-02 8.162382661470828082e-02 1.024168695515322164e-01 1.003821006454082426e-01
7.355509927397609060e-02 7.355509927397609060e-02 7.355509927397609060e-02 9.839338501515533519e-02 1.046261433869312280e-01
6.653101558012884664e-02 6.653101558012884664e-02 6.653101558012884664e-02 8.425725810351780698e-02 8.806464557870179177e-02
4.976189118824228541e-02 4.976189118824228541e-02 4.976189118824228541e-02 6.202580046113512213e-02 8.506920352700121646e-02
7.587116791407647054e-02 7.223095880236153621e-02 7.223095880236153621e-02 8.896613459067212459e-02 8.979905533292208142e-02
3.113903304448306653e-02 3.113903304448306653e-02 3.113903304448306653e-02 6.925115606586802752e-02 7.599472389423188312e-02
5.943917022070116518e-02 5.943917022070116518e-02 5.943917022070116518e-02 6.842786727983619921e-02 8.327345275760449084e-02
6.723243087643775151e-02 5.231215853722993858e-02 5.231215853722993858e-02 9.399028168195484867e-02 1.051607072346675970e-01
4.995528472937856013e-02 4.995528472937856013e-02 4.995528472937856013e-02 8.351682793717182807e-02 9.222440015106934952e-02
2.835942839666642096e-02 2.432866600383566322e-02 2.432866600383566322e-02 4.589470191360230100e-02 6.323533194295702375e-02
3.183274178155590800e-02 3.183274178155590800e-02 3.183274178155590800e-02 5.493723299676304267e-02 7.306994645374075004e-02
4.178025103663541434e-02 3.157941243940112080e-02 3.157941243940112080e-02 5.312794893750454744e-02 7.815302528865523957e-02
3.312778747346882546e-02 3.172517252107716346e-02 3.172517252107716346e-02 5.574160310954645592e-02 7.185723466325130704e-02
3.636643868288080839e-02 3.636643868288080839e-02 3.636643868288080839e-02 6.056768386384962788e-02 8.554735854463739464e-02
5.173885851641059352e-02 4.406191717610540015e-02 4.406191717610540015e-02 5.891794692084154073e-02 7.149936135245706093e-02
4.763498365165197423e-02 4.763498365165197423e-02 4.763498365165197423e-02 6.122258911878577375e-02 9.031047423609599167e-02
3.991988130423531483e-02 3.861301048907810757e-02 3.861301048907810757e-02 7.366674320977416313e-02 9.369007624060636530e-02
2.412654132122135642e-02 2.412654132122135642e-02 2.412654132122135642e-02 4.460370757277793557e-02 6.304555164721409311e-02
4.395380464852066682e-02 3.564892583569419238e-02 2.364556494140146459e-02 4.449141724594209840e-02 6.572877128578204220e-02
5.554589723348155733e-02 5.554589723348155733e-02 4.751184211902165916e-02 6.502133808187758601e-02 7.523737951331165019e-02
2.617673796545388551e-02 2.617673796545388551e-02 2.563915259796282348e-02 3.323122313351059565e-02 5.493144167290595764e-02
3.522057093952896123e-02 3.522057093952896123e-02 3.522057093952896123e-02 6.325587647793105839e-02 9.713883092660018093e-02
3.859979102737511741e-02 3.859979102737511741e-02 3.859979102737511741e-02 5.061743508456165858e-02 8.183936765126421931e-02
4.327170392965468820e-02 3.683688634701857284e-02 4.327170392965468820e-02 5.207956362821813956e-02 7.585064688210085837e-02
3.044763459239078346e-02 3.044763459239078346e-02 3.044763459239078346e-02 4.066665824926209843e-02 6.573993024440957789e-02
2.754744583557644164e-02 2.754744583557644164e-02 4.035343434740115698e-02 5.296685459064301438e-02 7.738892382806430992e-02
5.145732047075113336e-02 4.562309491558217550e-02 4.562309491558217550e-02 5.107160242820402846e-02 6.935349521048002341e-02
4.093430618608760035e-02 4.093430618608760035e-02 4.093430618608760035e-02 4.495315462334954076e-02 6.653996756949130675e-02
5.143889023567115720e-02 5.143889023567115720e-02 4.693574960802845975e-02 4.086786719082156905e-02 6.162177285929657661e-02
4.406931616370127203e-02 4.285859821679055548e-02 4.285859821679055548e-02 4.070856837099242481e-02 5.767361342655611539e-02
3.056349743967332055e-02 3.056349743967332055e-02 3.056349743967332055e-02 3.538428489405399946e-02 5.418779705850252509e-02
3.822283633360866462e-02 4.006001695179547961e-02 4.006001695179547961e-02 4.810084629970096115e-02 5.947162830537590372e-02
3.304347619007914905e-02 3.304347619007914905e-02 3.304347619007914905e-02 3.097876806655172621e-02 4.514428984318430427e-02
4.399961154192093965e-02 4.399961154192093965e-02 4.399961154192093965e-02 4.781009598730907861e-02 5.887258498102329596e-02
4.681632830184200011e-02 4.221852054169596830e-02 4.221852054169596830e-02 3.817906751087642159e-02 4.643099900910038769e-02
7.363615052280958473e-02 6.628913197446972827e-02 6.628913197446972827e-02 7.800544640742380909e-02 9.456758751164506815e-02
4.429324533258436475e-02 4.429324533258436475e-02 4.429324533258436475e-02 5.306509607182219312e-02 3.784684203913382672e-02
4.558807821411855338e-02 4.558807821411855338e-02 4.558807821411855338e-02 7.048800395602509983e-02 7.652458848681797932e-02
4.339585922215163233e-02 5.095783457546614742e-02 5.095783457546614742e-02 8.402560800723764267e-02 5.991724139981682157e-02
6.016126124462400221e-02 6.024481854297541322e-02 6.024481854297541322e-02 7.709546316037804714e-02 6.397603486551842189e-02
6.735431318322813998e-02 5.855090505397903683e-02 5.855090505397903683e-02 7.490214948734655320e-02 7.521166003712402570e-02
5.894939530958637902e-02 5.971505116550223508e-02 5.971505116550223508e-02 1.087247649807823874e-01 7.055825300383293530e-02
4.539036011183196495e-02 5.293221792560824646e-02 6.678486596804586450e-02 1.181960601201237776e-01 9.327345809906849305e-02
5.937406197359118565e-02 5.937406197359118565e-02 5.937406197359118565e-02 1.021464053929327376e-01 9.537870137714883623e-02
6.757405679571287793e-02 6.565827565726327364e-02 6.757405679571287793e-02 1.273569296578669630e-01 8.857454708340248284e-02
5.483949601696729015e-02 5.483949601696729015e-02 5.222905050783563374e-02 1.254155028468760535e-01 8.873317682017343999e-02
7.604469323166977712e-02 7.604469323166977712e-02 7.604469323166977712e-02 1.229808997737053405e-01 1.016940222914131942e-01
4.478044426365680036e-02 4.478044426365680036e-02 4.478044426365680036e-02 1.250774141276574380e-01 1.091306014675969827e-01
9.508594578760283522e-02 4.308742568028298831e-02 4.308742568028298831e-02 9.859202106351161454e-02 7.060930019006254887e-02
6.489706599895499195e-02 6.489706599895499195e-02 6.489706599895499195e-02 1.103266589163065109e-01 1.093079048576239692e-01
5.053060075226541159e-02 5.053060075226541159e-02 5.053060075226541159e-02 1.435482849587108589e-01 1.250228233889268681e-01
6.051649097026322310e-02 5.201649482810885572e-02 5.201649482810885572e-02 1.238361115688377811e-01 9.840624883314375015e-02
4.484630903237535327e-02 5.094151071122441504e-02 5.094151071122441504e-02 1.198105888132174890e-01 9.084005069553614808e-02
5.793304273080975703e-02 5.793304273080975703e-02 5.793304273080975703e-02 1.251676399555893271e-01 1.063849466605452931e-01
6.977348975723585145e-02 6.977348975723585145e-02 6.977348975723585145e-02 1.324261189760624902e-01 1.114450277993814520e-01
6.259419242342113832e-02 6.590466734815483840e-02 6.590466734815483840e-02 1.220072402406836010e-01 1.264283661245378665e-01
7.058088064678895435e-02 7.058088064678895435e-02 7.058088064678895435e-02 1.831290841283286785e-01 1.946375984064475373e-01
6.267198983092062137e-02 6.593305840518132177e-02 6.593305840518132177e-02 1.448931152649627629e-01 1.623474659455782509e-01
1.131684522691427663e-01 6.644128307345545381e-02 6.644128307345545381e-02 1.343533541614377602e-01 1.094078025941779553e-01
9.170001370367948657e-02 9.170001370367948657e-02 9.170001370367948657e-02 1.717730436452447884e-01 1.594742629908109388e-01
9.429499442790544028e-02 9.429499442790544028e-02 9.429499442790544028e-02 1.816810403494709403e-01 1.726565591317642534e-01
6.288554364826945409e-02 6.288554364826945409e-02 6.288554364826945409e-02 1.401494785885442906e-01 1.554072761838775074e-01
6.155049662227223689e-02 6.155049662227223689e-02 6.155049662227223689e-02 1.580208831012532289e-01 1.349785537018213799e-01
5.399955890227861599e-02 5.775442620592173559e-02 5.775442620592173559e-02 1.303447017505595384e-01 1.442990559270665163e-01
4.807796807003283240e-02 4.807796807003283240e-02 4.807796807003283240e-02 1.124964894448667180e-01 1.066825389470530822e-01
6.855676887300032885e-02 6.855676887300032885e-02 6.855676887300032885e-02 1.287615980450322883e-01 1.355082791497524974e-01
6.622832948851412049e-02 6.511196266643481945e-02 6.511196266643481945e-02 1.157871183456009589e-01 1.404917190864476417e-01
8.758419641121716059e-02 9.174059610386470220e-02 8.469254466811566850e-02 1.024067159816373224e-01 1.278666600369246231e-01
7.826965062977538079e-02 7.826965062977538079e-02 7.826965062977538079e-02 1.088154981338613075e-01 1.223390948495349240e-01
7.043002197137675224e-02 7.043002197137675224e-02 7.043002197137675224e-02 8.771680739926115966e-02 1.011281978783909463e-01
6.900574794100756970e-02 5.151967402108273419e-02 5.151967402108273419e-02 7.574070408945729471e-02 1.041216779878595122e-01
7.344489972615091122e-02 7.194144603982871589e-02 7.194144603982871589e-02 7.516803216538353594e-02 9.274513394680947154e-02
5.833298772159094953e-02 5.622348182908266934e-02 5.622348182908266934e-02 5.833298772159094953e-02 8.337844785036090112e-02
7.375321401497843266e-02 7.375321401497843266e-02 7.375321401497843266e-02 8.684141272509519893e-02 1.144353607930205796e-01
6.548979317527008071e-02 7.501236188868223853e-02 7.501236188868223853e-02 8.032899644961521979e-02 1.104766662615557504e-01
8.166291006431997124e-02 8.166291006431997124e-02 7.369913625856149009e-02 6.246921602090700631e-02 8.535126088310659997e-02
5.701757753333891454e-02 5.701757753333891454e-02 5.701757753333891454e-02 6.834315961685116791e-02 8.782296364625402640e-02
7.355398877168205229e-02 7.355398877168205229e-02 7.355398877168205229e-02 8.074593174221911251e-02 1.101521700634702505e-01
5.086748781803717562e-02 5.086748781803717562e-02 5.385094915888926498e-02 5.426322436308962660e-02 9.453726877645096671e-02
6.046691781586101960e-02 6.488767489663870014e-02 6.488767489663870014e-02 6.046691781586101960e-02 9.128506097766303506e-02
7.360819533592320718e-02 7.360819533592320718e-02 7.360819533592320718e-02 6.491156342386857070e-02 8.501038610473730939e-02
5.573387985579929260e-02 5.836162808967237242e-02 5.836162808967237242e-02 5.553264080443565121e-02 8.061072615952764864e-02
6.979604281051278447e-02 6.979604281051278447e-02 7.456499839421670828e-02 8.173322373035774024e-02 1.036989883144325136e-01
5.771936897048594861e-02 5.057861011624350395e-02 5.057861011624350395e-02 5.771936897048594861e-02 7.455075740412393792e-02
5.799357233430831732e-02 5.264065849383232909e-02 5.264065849383232909e-02 5.288087511114669681e-02 8.023286615540232980e-02
5.301175379791000369e-02 5.301175379791000369e-02 5.301175379791000369e-02 6.594730713113658438e-02 8.788427045335728272e-02
5.853080923117444379e-02 5.853080923117444379e-02 5.853080923117444379e-02 6.251434194222554863e-02 8.765885431623675339e-02
4.982212194591957577e-02 5.175012335311959116e-02 5.175012335311959116e-02 6.250888770367912795e-02 7.534378471512861997e-02
5.457262330478036827e-02 5.457262330478036827e-02 5.457262330478036827e-02 5.562847463756798866e-02 7.200699881594599394e-02
4.950319383047733363e-02 4.950319383047733363e-02 4.950319383047733363e-02 5.516946937326325934e-02 7.699069814240173948e-02
5.176776102083197745e-02 4.915057149780743123e-02 4.915057149780743123e-02 5.803878411943488164e-02 8.236621451187667309e-02
5.909840754577010136e-02 5.481389687299120100e-02 5.481389687299120100e-02 5.817545991639992004e-02 7.531461305101129489e-02
4.802909896697390296e-02 4.802909896697390296e-02 4.802909896697390296e-02 5.590052435367556111e-02 6.112487820236585379e-02
4.573772960031594059e-02 4.172884885680672173e-02 4.172884885680672173e-02 5.726298592944768784e-02 7.028662756699358138e-02
5.858446231402157645e-02 5.939241558314733993e-02 5.939241558314733993e-02 6.996125194393551516e-02 7.872743016757233203e-02
5.078284189676241650e-02 4.538756923845610469e-02 4.538756923845610469e-02 5.852960717420908898e-02 7.132934179239416861e-02
4.508848115305779530e-02 4.854755958995021076e-02 4.854755958995021076e-02 6.948644321239871857e-02 6.975261467757147560e-02
4.583656205361816283e-02 4.699076670158911645e-02 4.583656205361816283e-02 6.392983522264904239e-02 6.669340238354350137e-02
6.118953135671287985e-02 6.118953135671287985e-02 6.118953135671287985e-02 8.074310199848132308e-02 8.087233067465521286e-02
4.634564731843567043e-02 4.956748674190682158e-02 5.674102933474143434e-02 7.695921280604196835e-02 6.943175418173862246e-02
4.067404239942476463e-02 3.759509319745434064e-02 3.759509319745434064e-02 6.244813743801941319e-02 6.165482301963061407e-02
