3.128728894393465465e-01 2.178327333014059286e-01 2.178327333014059286e-01 2.178327333014059286e-01 2.178327333014059286e-01
1.850926768107325759e-01 1.850926768107325759e-01 1.850926768107325759e-01 1.850926768107325759e-01 1.850926768107325759e-01
1.460528736480976864e-01 1.460528736480976864e-01 1.460528736480976864e-01 1.460528736480976864e-01 1.460528736480976864e-01
2.578644582440403066e-01 2.578644582440403066e-01 2.578644582440403066e-01 2.578644582440403066e-01 2.578644582440403066e-01
1.864486513548775648e-01 1.854842093583568829e-01 1.854842093583568829e-01 1.854842093583568829e-01 1.854842093583568829e-01
1.548909992918703904e-01 1.376320766463058065e-01 1.376320766463058065e-01 1.376320766463058065e-01 1.376320766463058065e-01
1.512744790465713751e-01 1.855641338924986783e-01 1.855641338924986783e-01 1.855641338924986783e-01 1.855641338924986783e-01
1.032955591001714218e-01 9.141691625899152351e-02 1.033938816181682180e-01 1.033938816181682180e-01 1.033938816181682180e-01
1.716287749790998129e-01 2.079311220951370609e-01 1.716287749790998129e-01 1.716287749790998129e-01 1.716287749790998129e-01
7.152406757270261817e-02 8.220568974593822631e-02 6.953522863551324373e-02 6.953522863551324373e-02 6.953522863551324373e-02
8.713212402987088878e-02 8.713212402987088878e-02 8.713212402987088878e-02 8.713212402987088878e-02 8.713212402987088878e-02
4.924475815174807897e-02 5.799472739348675993e-02 5.799472739348675993e-02 5.799472739348675993e-02 5.799472739348675993e-02
6.376570984419355215e-02 4.591949336546982674e-02 4.591949336546982674e-02 4.591949336546982674e-02 4.591949336546982674e-02
7.820624680196097689e-02 7.820624680196097689e-02 7.807701572711724103e-02 7.807701572711724103e-02 7.807701572711724103e-02
9.298083620213370981e-02 9.298083620213370981e-02 9.275574043166134874e-02 9.275574043166134874e-02 9.275574043166134874e-02
6.690068781075074467e-02 7.477112540436248178e-02 7.217288296065632602e-02 7.217288296065632602e-02 7.217288296065632602e-02
6.397852239105630834e-02 6.549660771213447474e-02 6.549660771213447474e-02 6.549660771213447474e-02 6.549660771213447474e-02
1.155754582480677251e-01 1.001766674395008772e-01 9.047190150113641749e-02 9.047190150113641749e-02 9.047190150113641749e-02
5.430654954995861594e-02 5.430654954995861594e-02 5.430654954995861594e-02 5.430654954995861594e-02 5.430654954995861594e-02
9.023303286379047439e-02 9.023303286379047439e-02 9.023303286379047439e-02 9.023303286379047439e-02 9.023303286379047439e-02
7.493165458551430402e-02 7.733205866031425679e-02 7.733205866031425679e-02 7.733205866031425679e-02 7.733205866031425679e-02
7.110020649892639932e-02 7.009806647565711146e-02 7.110020649892639932e-02 7.009806647565711146e-02 7.009806647565711146e-02
1.085384712054279222e-01 9.173805401459170228e-02 9.699160905720566328e-02 8.526614999674646256e-02 8.526614999674646256e-02
8.682882522832313654e-02 6.958745962145287955e-02 6.958745962145287955e-02 8.361935652825878973e-02 8.361935652825878973e-02
7.176530250401569333e-02 6.698052912215217425e-02 8.047872364544869650e-02 7.205719612309768873e-02 7.205719612309768873e-02
7.964660548705061738e-02 8.242536298913305526e-02 8.489880705219558787e-02 8.092537160324568546e-02 8.092537160324568546e-02
4.620644044424290775e-02 5.088511352141839722e-02 4.634130562483542576e-02 5.825589723188754482e-02 5.825589723188754482e-02
8.684844797568704033e-02 8.410870056246610993e-02 8.702374577891673624e-02 8.605752181324706485e-02 8.605752181324706485e-02
7.350110629708357657e-02 7.048368236542416898e-02 8.496707739298446638e-02 7.147180704995903522e-02 7.147180704995903522e-02
8.390589985432823916e-02 7.771603882183074352e-02 8.533760083783407946e-02 8.533760083783407946e-02 8.533760083783407946e-02
6.963606629813885729e-02 5.732223739943476115e-02 6.963606629813885729e-02 6.963606629813885729e-02 6.963606629813885729e-02
6.110988100657391980e-02 6.110988100657391980e-02 7.402900929008587871e-02 7.402900929008587871e-02 7.402900929008587871e-02
8.923043201803412816e-02 8.923043201803412816e-02 9.293029158574923898e-02 9.293029158574923898e-02 9.293029158574923898e-02
1.556030580535543717e-01 1.382369800835483165e-01 1.421134612190942392e-01 1.348368334079287079e-01 1.348368334079287079e-01
8.845579820491568379e-02 1.050213631079658094e-01 1.050213631079658094e-01 8.845579820491568379e-02 8.845579820491568379e-02
7.491870218402660320e-02 5.891068666147297739e-02 6.721055332825938422e-02 6.352284424049636780e-02 6.352284424049636780e-02
6.241458295740653223e-02 6.241458295740653223e-02 6.241458295740653223e-02 8.174330039924092295e-02 8.174330039924092295e-02
9.033742084718431042e-02 9.033742084718431042e-02 9.261610277459672580e-02 9.640187706785011135e-02 9.640187706785011135e-02
7.510341271818873898e-02 8.545735895119782599e-02 7.018401461394589702e-02 7.376252056572081550e-02 7.376252056572081550e-02
1.153583060633166096e-01 1.030747251553572746e-01 1.082492876016113575e-01 1.196803033639029928e-01 1.196803033639029928e-01
6.521904786429071066e-02 6.190232179746413266e-02 6.656265090114445171e-02 8.640820938704363297e-02 8.640820938704363297e-02
9.741230129578802577e-02 9.741230129578802577e-02 9.879327672808373151e-02 1.014096323908435793e-01 1.014096323908435793e-01
1.047667595855083233e-01 8.707633394972558172e-02 1.047667595855083233e-01 1.140722597737368893e-01 1.140722597737368893e-01
6.749696017193471120e-02 6.749696017193471120e-02 7.187231334533752958e-02 9.616700678814940617e-02 9.616700678814940617e-02
8.633785913525823807e-02 8.798446596355904981e-02 8.633785913525823807e-02 1.009833368708424606e-01 1.009833368708424606e-01
7.840142016876229525e-02 7.840142016876229525e-02 7.840142016876229525e-02 8.049087362429055426e-02 8.049087362429055426e-02
5.986628126183750342e-02 5.986628126183750342e-02 6.218326922657271827e-02 5.954204910610053081e-02 5.954204910610053081e-02
8.143928933395425118e-02 8.141472854171295792e-02 8.143928933395425118e-02 1.142432552164310694e-01 1.142432552164310694e-01
8.372951548207886729e-02 8.702254749838979342e-02 8.702254749838979342e-02 9.678019355706383997e-02 9.678019355706383997e-02
7.133824115645423514e-02 7.205522523540675017e-02 7.133824115645423514e-02 7.468474433178760863e-02 7.468474433178760863e-02
7.022162373087494081e-02 6.940970689822636985e-02 6.100400709113500824e-02 8.508775540423969830e-02 8.508775540423969830e-02
7.110732007094225371e-02 7.110732007094225371e-02 7.110732007094225371e-02 8.301961919998820938e-02 8.301961919998820938e-02
8.428609278840777652e-02 6.921597997143096037e-02 7.322171267671737094e-02 8.578308293298633758e-02 8.578308293298633758e-02
7.162708318874769220e-02 6.996536594284451238e-02 5.967720233874825725e-02 8.488932435360675710e-02 8.488932435360675710e-02
8.104441712708354562e-02 7.938032442198252048e-02 8.104441712708354562e-02 8.720758507988944641e-02 8.720758507988944641e-02
7.252177008574693662e-02 7.538899034223252305e-02 7.340426868821756101e-02 7.498022755558915453e-02 7.498022755558915453e-02
8.764217781681263308e-02 8.764217781681263308e-02 9.956025094908384221e-02 9.026569271220413748e-02 9.026569271220413748e-02
6.827901847135722790e-02 7.561302499545510813e-02 7.561302499545510813e-02 6.742668887253601417e-02 6.742668887253601417e-02
6.344236945453440857e-02 6.344236945453440857e-02 7.513245307982240051e-02 7.363016156984805716e-02 7.363016156984805716e-02
6.233226031842057507e-02 5.559483538582657425e-02 5.812279707028351200e-02 6.167549941404303071e-02 6.167549941404303071e-02
6.333255092624574811e-02 5.938392561459227004e-02 5.938392561459227004e-02 7.524426345155418860e-02 7.524426345155418860e-02
8.546409770906920889e-02 6.475095681167455930e-02 7.024462939869542677e-02 7.997239357061107501e-02 7.997239357061107501e-02
6.484252385965499910e-02 6.267589481964257192e-02 6.484252385965499910e-02 7.165729163541402491e-02 7.165729163541402491e-02
6.430031743274819411e-02 6.832141715795166104e-02 6.832141715795166104e-02 7.458297244121857295e-02 7.458297244121857295e-02
7.399824289982413761e-02 7.399824289982413761e-02 7.399824289982413761e-02 8.381055619808128188e-02 8.381055619808128188e-02
5.664953114975888188e-02 6.587282941449799922e-02 6.540466774930139837e-02 7.953207340379464529e-02 7.953207340379464529e-02
7.527234035253622946e-02 8.189913279495981968e-02 8.189913279495981968e-02 9.364016140888758999e-02 9.364016140888758999e-02
5.284079752591949730e-02 5.284079752591949730e-02 6.485105437139668250e-02 8.824667373869050924e-02 8.824667373869050924e-02
6.847888138997711149e-02 6.847888138997711149e-02 8.844763564383834042e-02 8.923126729145766656e-02 8.923126729145766656e-02
7.233441215691999160e-02 8.016220662142357900e-02 7.790611539655920015e-02 1.041952465032510711e-01 1.041952465032510711e-01
5.174439960841696606e-02 5.174439960841696606e-02 6.423961688083140720e-02 9.468546672237262984e-02 9.468546672237262984e-02
6.779877615244397915e-02 5.888627724808098013e-02 7.110904578975479895e-02 8.391131143506933010e-02 8.391131143506933010e-02
7.459793291068705923e-02 6.963938373793289449e-02 8.697882679045904064e-02 1.287486210972040579e-01 1.287486210972040579e-01
7.775064298535329377e-02 7.775064298535329377e-02 9.663785847330705336e-02 1.343215051336580645e-01 1.343215051336580645e-01
7.062521089253454010e-02 7.062521089253454010e-02 9.029186621574079863e-02 1.358554894806046631e-01 1.414327578316764145e-01
6.041218322476575586e-02 6.041218322476575586e-02 8.793925183951925573e-02 1.324335781409231028e-01 1.394150134567706811e-01
6.284593057253991255e-02 6.284593057253991255e-02 7.044524723320884363e-02 1.102848071092474846e-01 1.134870417563544065e-01
9.262349085896572076e-02 6.808130190728875486e-02 7.478411656275581187e-02 1.319715730004899223e-01 1.307724918778727374e-01
7.850473809442479189e-02 6.756303267092315934e-02 7.850473809442479189e-02 1.054378808797471201e-01 1.070041761648671402e-01
5.169206065046991205e-02 5.169206065046991205e-02 6.785369003642530150e-02 1.163290538862371687e-01 1.233750294148657362e-01
1.017122149517059038e-01 8.271161299305486436e-02 8.271161299305486436e-02 1.261684343771842798e-01 1.277342290839857120e-01
7.595310145501445176e-02 6.627307367433488139e-02 7.595310145501445176e-02 1.103682466529229828e-01 1.157144152906208062e-01
5.521152627264874074e-02 5.521152627264874074e-02 4.780277715081512196e-02 8.442177421863662767e-02 8.380573585903697276e-02
4.418646104362457250e-02 3.849311024845933349e-02 5.350171972275029331e-02 6.851101090083204503e-02 7.220319016997087114e-02
6.197514709582043618e-02 6.197514709582043618e-02 6.197514709582043618e-02 8.480009282302757023e-02 8.054536168144954544e-02
6.493817320967990026e-02 5.052532253383121286e-02 5.052532253383121286e-02 9.158041990081938755e-02 9.130031461539131477e-02
6.710411781341306392e-02 7.415714121011912630e-02 7.415714121011912630e-02 1.058304313870207236e-01 1.183988646265959205e-01
5.775941985952199459e-02 5.775941985952199459e-02 5.775941985952199459e-02 8.686180491117877212e-02 9.507501743554415408e-02
6.877734273659619202e-02 6.877734273659619202e-02 6.877734273659619202e-02 7.501920284282412310e-02 8.611033185324093453e-02
7.185119463282677033e-02 5.797831312334564280e-02 5.797831312334564280e-02 9.728808445928686932e-02 1.085990441474736085e-01
6.745828020612949782e-02 6.253612209970427216e-02 6.253612209970427216e-02 7.284153366721257683e-02 7.625828306551460378e-02
6.560753182722632582e-02 6.476325335388087578e-02 6.476325335388087578e-02 7.126434733828014567e-02 8.381830785041986809e-02
5.167759432972015426e-02 5.150480763609947832e-02 5.047066009950499504e-02 8.800651332295257590e-02 9.664079925777825653e-02
4.795640227172644210e-02 4.795640227172644210e-02 4.795640227172644210e-02 7.383682206994693353e-02 7.814628823471073127e-02
6.963084607584198171e-02 6.963084607584198171e-02 7.748334639363423093e-02 8.667271986959174113e-02 9.260878332394266443e-02
4.299598454511415618e-02 4.299598454511415618e-02 3.867003086206106943e-02 8.341226515214467119e-02 9.815460757849524265e-02
8.653497668056445158e-02 7.690324547459531646e-02 7.690324547459531646e-02 7.212271373094734928e-02 7.429348345503997142e-02
4.234982346646828238e-02 4.234982346646828238e-02 4.234982346646828238e-02 6.979105510603798856e-02 8.419878184856309511e-02
3.898442091189466274e-02 3.898442091189466274e-02 3.898442091189466274e-02 6.641438269898879143e-02 7.415549170876667429e-02
3.789054086974729535e-02 3.042092227157676063e-02 3.042092227157676063e-02 4.390524420008372342e-02 6.551634392288643860e-02
2.653758296811113346e-02 2.653758296811113346e-02 2.653758296811113346e-02 4.728825532524519315e-02 6.292644741344326220e-02
4.774623570310849996e-02 4.774623570310849996e-02 4.774623570310849996e-02 6.346440319170933153e-02 7.742043601115003448e-02
5.399379230332507218e-02 3.546978321223059893e-02 3.546978321223059893e-02 5.729488795794239475e-02 7.314735777694321428e-02
4.794629937173583434e-02 4.794629937173583434e-02 4.794629937173583434e-02 8.435385162660921643e-02 1.074081346284109090e-01
3.089970536723645952e-02 3.089970536723645952e-02 3.089970536723645952e-02 4.452636400654880200e-02 5.908248796406030678e-02
3.262090605424566858e-02 3.262090605424566858e-02 3.262090605424566858e-02 4.736605126111307490e-02 7.585572690296685239e-02
4.947909350117479788e-02 4.947909350117479788e-02 4.842441837980293595e-02 7.510332553637746877e-02 9.828970914101821388e-02
2.470721947024374227e-02 2.470721947024374227e-02 2.298915806120086988e-02 3.666047319612589922e-02 5.383773496999327834e-02
3.447669930782984449e-02 3.447669930782984449e-02 3.447669930782984449e-02 4.108193811128050404e-02 6.139975406806297276e-02
3.607295334497931383e-02 3.607295334497931383e-02 3.607295334497931383e-02 4.488862382237160387e-02 6.288479309334692180e-02
3.704780991569287668e-02 3.704780991569287668e-02 3.704780991569287668e-02 5.391512702268914936e-02 6.989331857853346708e-02
3.048726595922823454e-02 3.048726595922823454e-02 3.048726595922823454e-02 4.120874087357961901e-02 7.092674208849295003e-02
3.823156591543651339e-02 3.823156591543651339e-02 3.823156591543651339e-02 3.868225813823105569e-02 6.410095551642154554e-02
3.077853405331399880e-02 3.077853405331399880e-02 3.077853405331399880e-02 4.677005925671114811e-02 5.635815122179729103e-02
2.073246223019136261e-02 2.073246223019136261e-02 2.073246223019136261e-02 3.214982463563316462e-02 4.853743741851039573e-02
2.453270666981527404e-02 2.453270666981527404e-02 2.097268020862516971e-02 5.396915306096439907e-02 8.414050886127390216e-02
3.365391852300377712e-02 3.365391852300377712e-02 3.365391852300377712e-02 4.405604081100517044e-02 6.209526528963867781e-02
4.294437954552962622e-02 4.294437954552962622e-02 3.230876247450773647e-02 5.097401609017115226e-02 7.124288778410062251e-02
4.484624722080612913e-02 4.484624722080612913e-02 4.465777241241655066e-02 4.854695933005981345e-02 7.358124635392282453e-02
3.444685483830654121e-02 4.763337054120744124e-02 3.679511493079726248e-02 3.444685483830654121e-02 5.333086159495700751e-02
3.536530231467310131e-02 4.207607001419765014e-02 3.390615010202619600e-02 4.538261676675182238e-02 5.080514148217354226e-02
6.347696886469125777e-02 6.203584134067514910e-02 6.203584134067514910e-02 6.727153381791098341e-02 7.439603546290494973e-02
4.594841939118954333e-02 4.594841939118954333e-02 4.594841939118954333e-02 5.484862445093009048e-02 5.540170855251303622e-02
3.784586409457140616e-02 3.627313850593745503e-02 3.627313850593745503e-02 3.784586409457140616e-02 4.521757688849983858e-02
5.221632592269694062e-02 3.343978929413342349e-02 3.684850744198062134e-02 4.595322766936806025e-02 5.074750412587441389e-02
5.885902812360263581e-02 5.852308760694732021e-02 5.885902812360263581e-02 6.874158123170923118e-02 6.581682452554168949e-02
2.964970275807499861e-02 2.964970275807499861e-02 2.964970275807499861e-02 5.127579704229859314e-02 3.572628468625207998e-02
5.896488505880799480e-02 6.689034358012403703e-02 4.926342831394106558e-02 7.504299221977156487e-02 7.417867552585419300e-02
5.113669297536070635e-02 4.791079689990593998e-02 4.791079689990593998e-02 7.174697239015950800e-02 5.143657375368813900e-02
4.047207406105361033e-02 5.275575089587022926e-02 5.275575089587022926e-02 6.789467991939615588e-02 8.017964916392641972e-02
4.523980347010715664e-02 4.523980347010715664e-02 5.291895753543503916e-02 1.042074783614092975e-01 9.157121445209513710e-02
6.715816426944172524e-02 6.715816426944172524e-02 6.085056368463696158e-02 8.961652667223846125e-02 6.756328877984356385e-02
4.276775624323716357e-02 4.276775624323716357e-02 6.512494691092267363e-02 1.083178698216678421e-01 8.285050773000059154e-02
4.984185528903851276e-02 4.009631301039150164e-02 5.350588654225466728e-02 9.850583221031998515e-02 7.836854150539031283e-02
7.876542880221869269e-02 7.145971163177446128e-02 7.876542880221869269e-02 1.378952888952352795e-01 9.334547120421035626e-02
5.511936652748086751e-02 5.743676123114133114e-02 5.743676123114133114e-02 1.155230249485706268e-01 8.568472753932507291e-02
7.852701806816556052e-02 6.475597768604399174e-02 6.475597768604399174e-02 1.286942192911474658e-01 1.009206806080071156e-01
5.788157532008848805e-02 5.652949914691213912e-02 5.652949914691213912e-02 1.297160437403207522e-01 1.023309114014791937e-01
6.236678256420202099e-02 6.236678256420202099e-02 6.737960199261470995e-02 1.485646219221767594e-01 1.181821692483036312e-01
5.311680806297711110e-02 6.404529033837202956e-02 5.311680806297711110e-02 1.727566034858430133e-01 1.486329423228721913e-01
7.389044487458580612e-02 8.252401270620497720e-02 8.252401270620497720e-02 1.523978644113305747e-01 1.061843375867386752e-01
4.976789033561106884e-02 4.976789033561106884e-02 4.976789033561106884e-02 1.405319346651554557e-01 1.262668310310217923e-01
5.421664364162262495e-02 5.421664364162262495e-02 5.421664364162262495e-02 1.314649315663042883e-01 1.086168929946791234e-01
6.581528693129161389e-02 6.581528693129161389e-02 6.581528693129161389e-02 1.126973777489174156e-01 9.450233501291899207e-02
7.367859163037074333e-02 7.360094664231679740e-02 7.360094664231679740e-02 1.317075440467276592e-01 1.039154745035178878e-01
5.505672142231135546e-02 5.874840751438221292e-02 5.874840751438221292e-02 1.179628970381818021e-01 1.064370699224855138e-01
2.462794578451328320e-01 4.623317903748011548e-02 4.623317903748011548e-02 1.463837784089910277e-01 1.739325762461250147e-01
5.835040417739819490e-02 7.518520255256538887e-02 7.518520255256538887e-02 1.670291645508736045e-01 1.050357335113071694e-01
5.432177147751129226e-02 5.432177147751129226e-02 5.432177147751129226e-02 1.052076672684269243e-01 1.147419696595257527e-01
1.027351682456439930e-01 1.027351682456439930e-01 1.027351682456439930e-01 1.644110572088595124e-01 1.459347266940185239e-01
9.338113472242615121e-02 1.006069115138169406e-01 1.006069115138169406e-01 1.806857807917114089e-01 1.636793423892294042e-01
6.760550530190032048e-02 6.760550530190032048e-02 8.618301720857128589e-02 1.839156454721470046e-01 1.723812813820253809e-01
7.268648256782084260e-02 7.268648256782084260e-02 7.268648256782084260e-02 1.537551769000941593e-01 1.421121189714010802e-01
6.128086464438302350e-02 5.676883747073926262e-02 5.676883747073926262e-02 1.451793735446074707e-01 1.456391521620903906e-01
4.389451028153335682e-02 4.389451028153335682e-02 4.389451028153335682e-02 9.076179524373288732e-02 9.254417788169107262e-02
5.918157635953921747e-02 5.918157635953921747e-02 5.918157635953921747e-02 1.233331205299097733e-01 1.477336017729629636e-01
3.936338458396803491e-02 3.887330557199674547e-02 3.887330557199674547e-02 1.016934421814237877e-01 1.148325510021694779e-01
6.712659866921968921e-02 7.230174852057995316e-02 7.230174852057995316e-02 1.255910548301232554e-01 1.337266273416392315e-01
6.473852173277853950e-02 6.188305523216117848e-02 6.473852173277853950e-02 1.094358975846951854e-01 1.205180670871722065e-01
8.599832520435099492e-02 8.599832520435099492e-02 8.599832520435099492e-02 9.291237575333113896e-02 1.130542251016095762e-01
6.412888398639522702e-02 6.412888398639522702e-02 6.412888398639522702e-02 9.181602143380125647e-02 1.000915482496776698e-01
5.508305852502015654e-02 5.508305852502015654e-02 5.508305852502015654e-02 6.843552489123311267e-02 7.433977665929226986e-02
6.748458223311432080e-02 6.748458223311432080e-02 6.748458223311432080e-02 7.369890158523308143e-02 9.618140294811129698e-02
6.407746841146412520e-02 6.407746841146412520e-02 6.407746841146412520e-02 6.304195608658100247e-02 8.989790149617314652e-02
8.334343463032028998e-02 8.334343463032028998e-02 8.438191906280975707e-02 8.019707113587580538e-02 1.062943951356936922e-01
6.100126808722378807e-02 6.100126808722378807e-02 6.100126808722378807e-02 6.259134752547981795e-02 8.159404933582650732e-02
6.323168769953377288e-02 6.323168769953377288e-02 6.323168769953377288e-02 7.407710240675141611e-02 7.331026245549886189e-02
6.997380562823210526e-02 7.359280509755511401e-02 7.359280509755511401e-02 6.608510349574715781e-02 6.737828416957775124e-02
6.861780883845502998e-02 6.861780883845502998e-02 6.861780883845502998e-02 8.429072286258469660e-02 1.065645025077767288e-01
6.834894849629280511e-02 6.834894849629280511e-02 6.834894849629280511e-02 7.431800443265954015e-02 9.849806124885590597e-02
7.198582421843596757e-02 7.198582421843596757e-02 7.198582421843596757e-02 8.303467103434035435e-02 1.023084409508092374e-01
6.474996061386806279e-02 6.365680392387286501e-02 6.365680392387286501e-02 7.203929218817395341e-02 1.065901699261819491e-01
6.855399375851008170e-02 6.855399375851008170e-02 6.855399375851008170e-02 7.296861537505328066e-02 8.637570470913062681e-02
6.138190090337396210e-02 5.592144803160040145e-02 5.592144803160040145e-02 6.138190090337396210e-02 7.918294400552970680e-02
6.515896016867037122e-02 6.515896016867037122e-02 6.515896016867037122e-02 7.212113674112619055e-02 8.980940341492746337e-02
7.074867360452499754e-02 6.242239589454529752e-02 6.242239589454529752e-02 6.427129234386519396e-02 7.683937167134617663e-02
6.623573967729033674e-02 5.941500892281560697e-02 5.941500892281560697e-02 6.623573967729033674e-02 8.625844573790156233e-02
5.741081147925274769e-02 5.741081147925274769e-02 5.741081147925274769e-02 7.047299720568538095e-02 8.124260619151874030e-02
5.440307621705707530e-02 5.440307621705707530e-02 5.440307621705707530e-02 7.520009987093397019e-02 1.045983483029911260e-01
5.384792655508223447e-02 5.384792655508223447e-02 5.384792655508223447e-02 5.705337686572805461e-02 7.213563010628568084e-02
5.388083148096120545e-02 5.388083148096120545e-02 5.388083148096120545e-02 6.379725136415091702e-02 8.579845734158504655e-02
7.404687688165781378e-02 7.404687688165781378e-02 7.404687688165781378e-02 6.822571239808146448e-02 8.861993581306921997e-02
4.685262872524271344e-02 4.685262872524271344e-02 4.685262872524271344e-02 6.263580772826947418e-02 7.035989677691886768e-02
5.436000689170852884e-02 5.436000689170852884e-02 5.436000689170852884e-02 7.161574290819421040e-02 7.794717069027232159e-02
6.626735448349560520e-02 6.347445888440754469e-02 6.347445888440754469e-02 8.122546330475417797e-02 9.147124053129816745e-02
5.952340658879546470e-02 4.987958120884675162e-02 4.987958120884675162e-02 6.961845559415387463e-02 7.209512327745755400e-02
5.568751983320759796e-02 5.181958172531618556e-02 5.470620101055870266e-02 6.963017103465675428e-02 7.344040386248437691e-02
4.201742541909268130e-02 4.014713859975262145e-02 4.201742541909268130e-02 5.950273385661286607e-02 6.143888852685772811e-02
4.714300558774636024e-02 4.714300558774636024e-02 4.714300558774636024e-02 6.973698417220715318e-02 6.791367359399579084e-02
4.925556165919653395e-02 5.190394734084095851e-02 6.020216269530498376e-02 7.768541525209450571e-02 7.688853849074299418e-02
4.686104125792871916e-02 4.686104125792871916e-02 4.392558604444959935e-02 7.464791406549836639e-02 7.911193012303938121e-02
