3.444103967786846243e-01
2.396982729286890601e-01
1.951560966923982510e-01
2.631563997309881997e-01
2.223594117783723456e-01
1.737755924037730770e-01
1.261553164211892120e-01
1.101301032953411474e-01
1.316243645867287149e-01
7.130126876932692259e-02
8.296616171667553497e-02
5.208313537366429657e-02
5.928489802150515436e-02
8.535130886361365354e-02
9.729337482559026473e-02
7.981619654451360679e-02
6.573759531745730633e-02
9.256465239309327742e-02
8.391449541210121987e-02
7.287048339664981000e-02
7.943932018455288069e-02
6.799969054830429238e-02
9.654291066217104977e-02
8.310388079137739914e-02
6.361349868814859809e-02
7.160849324022983131e-02
7.187339943211766558e-02
7.426617573274557627e-02
7.406117805994273662e-02
9.010564789229207061e-02
7.241745376765407194e-02
9.579965064699154376e-02
7.216710784465227291e-02
1.005882067806566221e-01
1.254644651006990019e-01
6.019535213383438860e-02
8.045719906741231886e-02
1.035194141665423256e-01
7.800693185964345522e-02
1.206485951087442471e-01
5.500663051888340233e-02
1.055245847281823940e-01
8.354431789037117251e-02
1.074701401794490724e-01
7.521260162117458792e-02
7.652649251660847973e-02
6.755142909972450260e-02
9.221223938547101762e-02
7.764187991983920178e-02
1.035972016971972026e-01
7.419629968439463152e-02
6.247457472960706026e-02
7.292300773047055706e-02
1.104728822376368491e-01
9.167953353568349117e-02
6.005079680132426045e-02
8.823660274687235294e-02
7.731363650974172608e-02
6.351294489486089545e-02
7.501495871605762256e-02
6.847278984275154134e-02
7.353790466716871033e-02
7.618212977542253295e-02
7.645164337888514516e-02
7.581444481853297224e-02
7.516280711686589011e-02
7.182694082517696033e-02
6.436528923186446427e-02
7.738943943174851625e-02
5.467290616482255172e-02
4.869625909129034896e-02
8.077930469760485899e-02
7.700651907811287278e-02
6.470012907812758285e-02
6.419342853840205587e-02
6.945377642731177803e-02
5.315810930529065587e-02
6.085185574722353635e-02
8.539958677660364206e-02
7.773638064410193227e-02
7.168675228340709582e-02
5.866540680651460143e-02
4.487956000165015114e-02
5.182451723916319669e-02
6.584497521675834741e-02
4.746355978205401421e-02
4.746652529846053653e-02
3.646044598522130142e-02
4.149902020013725851e-02
6.007501230526041819e-02
6.496248972549586997e-02
5.637652751953554919e-02
5.534075934642434386e-02
7.566225424699515867e-02
8.294576227323133266e-02
5.222455804752439840e-02
6.833741327604556104e-02
3.925701005872547777e-02
6.009059613339900324e-02
2.891759667460440039e-02
4.029674037290100624e-02
2.847521435634279771e-02
3.294388903193529172e-02
3.839576299985273528e-02
3.449432898058168301e-02
3.908423065427788640e-02
5.475230951855922928e-02
3.512619838132403222e-02
2.134956546273905631e-02
3.170536698609354581e-02
1.768922808654861331e-02
3.169388558409956536e-02
3.907521876062658439e-02
2.708722905632375555e-02
2.482927089353495834e-02
5.574537317594108199e-02
3.967591775508221702e-02
3.775695915880720316e-02
3.521809389210092678e-02
3.711489920303431833e-02
4.545034732057198767e-02
7.065055395990803289e-02
3.798357034591088449e-02
4.114836589341641648e-02
4.778932313416243277e-02
6.782177661806786106e-02
4.230105715579707965e-02
4.375886419268417565e-02
5.192327111971040826e-02
5.499350015119899848e-02
4.721297158025227619e-02
7.099029572853625403e-02
5.436796604792848431e-02
4.616803964424329859e-02
6.138213204129570194e-02
5.165368912350921243e-02
8.577239883821415056e-02
7.331438247740040826e-02
7.985961640398328565e-02
4.753522832679150240e-02
5.968714765613204742e-02
6.054800262805290489e-02
4.306862794757296969e-02
4.480155311779513566e-02
7.085495290829185722e-02
7.955025181589277239e-02
8.865432761083148760e-02
8.304929910064356990e-02
7.222147237899710637e-02
1.035329115522323207e-01
7.409185755518415961e-02
5.249456964519733787e-02
6.739655026282703743e-02
5.483693861871230535e-02
7.122120300384501834e-02
6.894741801631809608e-02
4.374667614940887933e-02
6.530642564195179856e-02
8.988303102382487475e-02
7.214028904434195699e-02
7.006539192169883301e-02
6.799079367540140917e-02
7.300418374038596114e-02
7.151024242943794518e-02
8.376311111202656978e-02
7.137840831644710893e-02
7.189980858786719498e-02
8.789136662047364323e-02
6.739044193140872330e-02
7.628966249801924504e-02
8.333434748233430056e-02
6.954274563042653345e-02
7.059034858997940975e-02
5.275172310399225961e-02
5.858016954520178787e-02
6.263573808180694646e-02
6.618222922581991352e-02
5.713778848667327298e-02
4.794067647981051922e-02
7.409873635602558239e-02
6.094515704692350655e-02
6.808168897677815967e-02
4.765586854758708385e-02
5.017986161884905455e-02
4.833567355919382580e-02
5.914593272342096725e-02
6.248042820379067636e-02
5.255585670543135718e-02
5.306467646198729377e-02
5.112850483056624595e-02
5.104182968061381220e-02
