3.774027924550019120e-01 3.774027924550019120e-01 3.774027924550019120e-01 3.774027924550019120e-01 3.774027924550019120e-01
1.930183353375961586e-01 1.930183353375961586e-01 1.930183353375961586e-01 1.930183353375961586e-01 1.930183353375961586e-01
1.534063888990812308e-01 1.846913675536038801e-01 1.846913675536038801e-01 1.846913675536038801e-01 1.846913675536038801e-01
2.518373182799787391e-01 2.239269859600967472e-01 2.239269859600967472e-01 2.239269859600967472e-01 2.239269859600967472e-01
2.259583673894171307e-01 2.506422592729592447e-01 2.506422592729592447e-01 2.506422592729592447e-01 2.506422592729592447e-01
1.252444254805528401e-01 1.449144303592961036e-01 1.449144303592961036e-01 1.449144303592961036e-01 1.449144303592961036e-01
1.098652774377970043e-01 1.098652774377970043e-01 1.827129481657303878e-01 1.827129481657303878e-01 1.827129481657303878e-01
1.070009664163037444e-01 8.864443113569125954e-02 9.655440866085249207e-02 9.655440866085249207e-02 9.655440866085249207e-02
1.296927720184516408e-01 1.613967976579191721e-01 1.315830375278835562e-01 1.315830375278835562e-01 1.315830375278835562e-01
6.250789255931493704e-02 6.161820859801517974e-02 5.915074565278509444e-02 5.915074565278509444e-02 5.915074565278509444e-02
8.416824622924494459e-02 8.660699116378632600e-02 8.416824622924494459e-02 8.416824622924494459e-02 8.416824622924494459e-02
5.961055713106049037e-02 5.961055713106049037e-02 5.615884158792410624e-02 5.615884158792410624e-02 5.615884158792410624e-02
6.259540057796778023e-02 5.467390895078498569e-02 5.915686256638769819e-02 5.915686256638769819e-02 5.915686256638769819e-02
9.670130737979763802e-02 9.670130737979763802e-02 9.670130737979763802e-02 9.670130737979763802e-02 9.670130737979763802e-02
1.150275486011104881e-01 1.131315695850280412e-01 1.085237212210812818e-01 1.085237212210812818e-01 1.085237212210812818e-01
7.140458282597268724e-02 7.424274228271356135e-02 7.140458282597268724e-02 7.140458282597268724e-02 7.140458282597268724e-02
7.701590677120995210e-02 7.614591024718708745e-02 7.742151103704486559e-02 7.742151103704486559e-02 7.742151103704486559e-02
1.104542981324751344e-01 1.104542981324751344e-01 1.104542981324751344e-01 1.153357066329142866e-01 1.153357066329142866e-01
8.395004681126218282e-02 8.395004681126218282e-02 8.395004681126218282e-02 9.672348104349470788e-02 9.672348104349470788e-02
8.688555988681037623e-02 9.165757194474537239e-02 7.458094032263141993e-02 9.165757194474537239e-02 9.165757194474537239e-02
7.815510216243065633e-02 7.111352989921140844e-02 7.111352989921140844e-02 7.704546354886357418e-02 7.704546354886357418e-02
8.606019957473259874e-02 8.606019957473259874e-02 8.606019957473259874e-02 8.828469144439884952e-02 8.828469144439884952e-02
8.742641342772937418e-02 8.807527674222792591e-02 8.742641342772937418e-02 8.742641342772937418e-02 8.742641342772937418e-02
8.421800125062482711e-02 8.421800125062482711e-02 8.421800125062482711e-02 8.096007496379417634e-02 8.096007496379417634e-02
5.047507981900149765e-02 5.047507981900149765e-02 5.047507981900149765e-02 5.700306186995747482e-02 5.700306186995747482e-02
6.943053844263966101e-02 6.868925704592480919e-02 6.868925704592480919e-02 6.943053844263966101e-02 6.943053844263966101e-02
5.980130012007257856e-02 5.808004936360879750e-02 5.980130012007257856e-02 6.140629798064039385e-02 6.140629798064039385e-02
7.566994575334032302e-02 7.566994575334032302e-02 6.692618179230795661e-02 7.566994575334032302e-02 7.566994575334032302e-02
8.590783146183918195e-02 8.590783146183918195e-02 8.340553327334236655e-02 8.590783146183918195e-02 8.590783146183918195e-02
8.258762643483660848e-02 7.484652837172652007e-02 8.258762643483660848e-02 7.484652837172652007e-02 7.484652837172652007e-02
5.537383598100178300e-02 6.481880060155632839e-02 6.481880060155632839e-02 6.481880060155632839e-02 6.481880060155632839e-02
7.754908582779389270e-02 7.754908582779389270e-02 8.166702323538438391e-02 7.745724177595118831e-02 7.745724177595118831e-02
5.598770801872859221e-02 5.379457355701719456e-02 5.598770801872859221e-02 5.598770801872859221e-02 5.598770801872859221e-02
1.278966151840682519e-01 1.275081949276323512e-01 1.193669417339438266e-01 1.193669417339438266e-01 1.193669417339438266e-01
9.467443081194876209e-02 1.191898552732862937e-01 1.241296798494678916e-01 1.241296798494678916e-01 1.241296798494678916e-01
8.855916991805398708e-02 8.352937895558401604e-02 8.352937895558401604e-02 8.758831735987712697e-02 8.758831735987712697e-02
7.305055679498807797e-02 7.305055679498807797e-02 7.419433420402674062e-02 7.419433420402674062e-02 7.419433420402674062e-02
9.534578576240899939e-02 9.534578576240899939e-02 1.063742862953743346e-01 1.122249764682987927e-01 1.122249764682987927e-01
7.948982564951104224e-02 7.601854367955124259e-02 1.007746142917125415e-01 1.007746142917125415e-01 1.007746142917125415e-01
1.038878103947441373e-01 1.038878103947441373e-01 1.173778746386333616e-01 1.173778746386333616e-01 1.173778746386333616e-01
7.477669055846225543e-02 7.477669055846225543e-02 8.789769027947266777e-02 8.789769027947266777e-02 8.789769027947266777e-02
8.429372709529919794e-02 7.471161614330543155e-02 7.471161614330543155e-02 7.818247662742271176e-02 7.818247662742271176e-02
7.263443729224576539e-02 7.263443729224576539e-02 6.895501969484850446e-02 9.646377170811509805e-02 9.646377170811509805e-02
1.278708956678762387e-01 1.096007141079342745e-01 1.278708956678762387e-01 1.187529065439717202e-01 1.187529065439717202e-01
1.072505826712496224e-01 1.002102586160951159e-01 1.002102586160951159e-01 1.072505826712496224e-01 1.072505826712496224e-01
7.138384734114734675e-02 7.138384734114734675e-02 7.138384734114734675e-02 7.677537063121292471e-02 7.677537063121292471e-02
6.711211735628823394e-02 5.759821791198558444e-02 5.759821791198558444e-02 5.872288233041304123e-02 5.872288233041304123e-02
7.527107752715243849e-02 7.527107752715243849e-02 7.527107752715243849e-02 8.085377714399227811e-02 8.085377714399227811e-02
7.910893251538378412e-02 7.910893251538378412e-02 7.910893251538378412e-02 7.792696594370390750e-02 7.792696594370390750e-02
6.790489994075062097e-02 6.944252059900531127e-02 6.944252059900531127e-02 7.041307296517500258e-02 7.041307296517500258e-02
7.532809878732164843e-02 7.312404247904800980e-02 7.312404247904800980e-02 6.361654119939973151e-02 6.361654119939973151e-02
5.676537325043554127e-02 5.676537325043554127e-02 5.676537325043554127e-02 6.441233110073904533e-02 6.441233110073904533e-02
7.555026270179572567e-02 7.555026270179572567e-02 7.555026270179572567e-02 8.439018895734062831e-02 8.439018895734062831e-02
8.496857048389901135e-02 8.496857048389901135e-02 8.496857048389901135e-02 8.923449374786149302e-02 8.923449374786149302e-02
7.518347733735514238e-02 6.657664612586740305e-02 6.657664612586740305e-02 7.518347733735514238e-02 7.518347733735514238e-02
7.705543169019138383e-02 7.705543169019138383e-02 7.310601779598074890e-02 7.557515821798581335e-02 7.557515821798581335e-02
6.682659234708605844e-02 6.682659234708605844e-02 6.668414659617288853e-02 7.556990497033627685e-02 7.556990497033627685e-02
7.215094142731509619e-02 7.048837757750769928e-02 7.400078690006957338e-02 7.775785220901758332e-02 7.775785220901758332e-02
5.864374923310389925e-02 5.978512989555596208e-02 6.530256361916714214e-02 6.485960623380561396e-02 6.485960623380561396e-02
4.785652881637484507e-02 4.978213677664305309e-02 5.300579988721402375e-02 5.008325410642262832e-02 5.008325410642262832e-02
6.048402562331904597e-02 6.387962753310588715e-02 6.538424507207306335e-02 7.439932903616112980e-02 7.439932903616112980e-02
7.518998724851844173e-02 7.290730420713147086e-02 7.518998724851844173e-02 8.096217757362687839e-02 8.096217757362687839e-02
7.813295346528995045e-02 7.813295346528995045e-02 7.813295346528995045e-02 7.929654589204700177e-02 7.929654589204700177e-02
6.471638430956640209e-02 6.628011520156291969e-02 6.628011520156291969e-02 8.586224639796562197e-02 8.544859167337071071e-02
7.611209761991624689e-02 7.611209761991624689e-02 7.611209761991624689e-02 8.667310129498005666e-02 8.667310129498005666e-02
6.336163843341684199e-02 6.861137257294633307e-02 6.861137257294633307e-02 8.290147579831215474e-02 8.290147579831215474e-02
7.041172661097527818e-02 7.443101291572201683e-02 7.645333412814923901e-02 7.953097636850155194e-02 7.994794416631081924e-02
5.230775847068644402e-02 5.230775847068644402e-02 6.212653510601626183e-02 7.433548491300402683e-02 7.641413556182077849e-02
6.900977603074691380e-02 6.900977603074691380e-02 7.920404093825376968e-02 8.477783329594197614e-02 8.578598376896912070e-02
7.988377951612764261e-02 7.146533766258052200e-02 8.069064284760914252e-02 1.068720536689498624e-01 1.088359763838338823e-01
5.819820497606364301e-02 5.921375692111663369e-02 6.975819068834170078e-02 9.638843833157613450e-02 9.674583663450199433e-02
7.742582219757428164e-02 7.123787384943022771e-02 7.742582219757428164e-02 1.062244692401815849e-01 1.062244692401815849e-01
9.590827645376580335e-02 7.097810871657810050e-02 8.679286550469243744e-02 1.221235579639823737e-01 1.221235579639823737e-01
5.556973539380290206e-02 5.556973539380290206e-02 7.789694067750380091e-02 1.243109392889699960e-01 1.243109392889699960e-01
6.167870652649692226e-02 6.167870652649692226e-02 8.979907282479278330e-02 1.289390094484258176e-01 1.289390094484258176e-01
5.237669498000341317e-02 5.237669498000341317e-02 7.596577425192563293e-02 1.225820529776945195e-01 1.225820529776945195e-01
7.908045430866260384e-02 7.719680988227535512e-02 9.553385967787539346e-02 1.275820343295628045e-01 1.275820343295628045e-01
6.866064251127013129e-02 6.866064251127013129e-02 8.415311012445161887e-02 1.415592765980893120e-01 1.415592765980893120e-01
6.875410264456825737e-02 6.875410264456825737e-02 7.127745979423064093e-02 1.025666369216704787e-01 1.018846685367173904e-01
7.317687820456882097e-02 6.210097702575478190e-02 7.877363786034781434e-02 1.221909279615688154e-01 1.259574278239355138e-01
6.924985256591015270e-02 6.773934124430064374e-02 9.161905584342167064e-02 1.245960682822968846e-01 1.264470257172798928e-01
5.819957510837137776e-02 5.819957510837137776e-02 7.488730640710804243e-02 1.095482044020329587e-01 1.164119567015687723e-01
5.633664490246365064e-02 5.669933939546607099e-02 5.669933939546607099e-02 8.415786384777235174e-02 9.171784775375560472e-02
5.775268280387241965e-02 5.031499420219111979e-02 5.031499420219111979e-02 8.037540637903060892e-02 8.328874481223343118e-02
5.666754308852801902e-02 5.666754308852801902e-02 5.666754308852801902e-02 8.239711347116544793e-02 8.250530478127397760e-02
6.213956493353957333e-02 6.213956493353957333e-02 6.213956493353957333e-02 9.425253509033949817e-02 9.855898497197564112e-02
5.018973202527632349e-02 5.018973202527632349e-02 5.018973202527632349e-02 1.268174762736251349e-01 1.211586854909433297e-01
5.750997539951198390e-02 5.392760474249568003e-02 5.392760474249568003e-02 9.182049847962742151e-02 9.486196189024886927e-02
5.587203723618040102e-02 5.587203723618040102e-02 5.587203723618040102e-02 8.314119973325855006e-02 9.327588656148133595e-02
7.347114163439048828e-02 6.711883938613240341e-02 6.711883938613240341e-02 1.159000006289705592e-01 1.265775595575614199e-01
5.426537981419659457e-02 5.426537981419659457e-02 5.426537981419659457e-02 7.588696637678586654e-02 8.299026990775092150e-02
8.709090578552203255e-02 9.976675743938524799e-02 9.976675743938524799e-02 8.426967447794224408e-02 8.255474776180908580e-02
4.121317966711352671e-02 3.279222682686376567e-02 3.961099745359796670e-02 7.353407219983498777e-02 8.402063352791896977e-02
4.139180134692239249e-02 4.023330796198323206e-02 4.139180134692239249e-02 5.576582177386684575e-02 6.443052814473360090e-02
7.612743487910891838e-02 7.690426214949998285e-02 7.690426214949998285e-02 8.414344068960512291e-02 8.786998384316534183e-02
5.356483082230177606e-02 5.356483082230177606e-02 5.356483082230177606e-02 7.739035273369142265e-02 9.023435180095516761e-02
9.104805015917390165e-02 9.104805015917390165e-02 9.104805015917390165e-02 1.068235192570290149e-01 1.024468911846238839e-01
3.484000757308054752e-02 3.484000757308054752e-02 3.484000757308054752e-02 6.333021506600766681e-02 8.435651696510811093e-02
5.023779624555606282e-02 4.330488054288187533e-02 4.330488054288187533e-02 6.103792497426663993e-02 7.601349452761052561e-02
2.924342731449575128e-02 2.924342731449575128e-02 2.924342731449575128e-02 5.141807823709785424e-02 7.065139142383405901e-02
3.339781119389242936e-02 3.339781119389242936e-02 3.339781119389242936e-02 4.133546590899322970e-02 6.998077731878647734e-02
4.041335438192118767e-02 2.279372899900413210e-02 2.279372899900413210e-02 4.227283015446119119e-02 6.396548644969142494e-02
3.906860840081022995e-02 3.906860840081022995e-02 3.906860840081022995e-02 4.789827275858180716e-02 6.990045155434099211e-02
5.578707194572198741e-02 4.328528275238115175e-02 4.328528275238115175e-02 5.624933614996591169e-02 8.764560441243939015e-02
4.321969969564092018e-02 4.321969969564092018e-02 3.586698834544468223e-02 4.942977093359252061e-02 5.904165409338353598e-02
5.900509897095437134e-02 4.610150910301966803e-02 4.090613467654168750e-02 4.142574061488740050e-02 6.149932187144913076e-02
5.898407055721981845e-02 7.193441434703537474e-02 5.898407055721981845e-02 7.541927064966817695e-02 1.026513359686600790e-01
3.023280631214098763e-02 3.023280631214098763e-02 3.023280631214098763e-02 4.959256882483820128e-02 7.750018976462574871e-02
2.984520525949143840e-02 2.334624252650442308e-02 2.334624252650442308e-02 5.045957974502607996e-02 7.305654930022162374e-02
4.270846020779373031e-02 4.270846020779373031e-02 4.270846020779373031e-02 6.302150646838404480e-02 6.445277797771767347e-02
2.624897407366425656e-02 2.624897407366425656e-02 2.624897407366425656e-02 4.234705257394308364e-02 7.105539537297915487e-02
4.485840253287323026e-02 4.485840253287323026e-02 4.485840253287323026e-02 6.976820261094274223e-02 9.972887285545711800e-02
3.699404845819511539e-02 3.699404845819511539e-02 3.699404845819511539e-02 4.755951871790899815e-02 6.201114628510032145e-02
2.678039200276208232e-02 2.678039200276208232e-02 2.678039200276208232e-02 5.120850563865440852e-02 6.780039741932007702e-02
2.732545335746617773e-02 2.732545335746617773e-02 2.732545335746617773e-02 3.763579286943115332e-02 5.563830916455211190e-02
4.583677905042613659e-02 4.583677905042613659e-02 4.645991270901323605e-02 6.503461306344006376e-02 8.198377518699700994e-02
4.498569989155697113e-02 3.375197120334014894e-02 3.375197120334014894e-02 4.498569989155697113e-02 6.447043839362000262e-02
3.536605334794083733e-02 3.318217817975373241e-02 3.679239491312488036e-02 3.536605334794083733e-02 6.029990947830582426e-02
5.420740829520882820e-02 5.261576278531133327e-02 5.311204968614077065e-02 5.261576278531133327e-02 6.585301644962926471e-02
3.970909177164782394e-02 4.107353258020461639e-02 3.970909177164782394e-02 4.062847907335200015e-02 5.727776408737848823e-02
5.081126022057613767e-02 5.081126022057613767e-02 5.081126022057613767e-02 5.744395771578309634e-02 6.926497590266582349e-02
4.191849570134741076e-02 3.319463771152047354e-02 3.319463771152047354e-02 5.233786096707850749e-02 5.629825600840260985e-02
3.958232012024705260e-02 4.166985590624680547e-02 4.166985590624680547e-02 4.351732470540205233e-02 5.486261225288872889e-02
4.470147231762549439e-02 4.177131095746726419e-02 4.177131095746726419e-02 4.470147231762549439e-02 4.522352174606680125e-02
5.335040448495580179e-02 4.050742530967339078e-02 4.050742530967339078e-02 5.160403158671383189e-02 4.033491416792178014e-02
4.447374924167293159e-02 4.447374924167293159e-02 4.447374924167293159e-02 6.433163247428534681e-02 6.960714487960197039e-02
4.001209545718995703e-02 4.854885610626209075e-02 4.001209545718995703e-02 4.599707125299153793e-02 5.871118554532842732e-02
4.153153612449429766e-02 3.944335383587713878e-02 3.812773111839687368e-02 6.348702383898104096e-02 6.216535258987572476e-02
8.367401179595854166e-02 8.367401179595854166e-02 7.216775731455686571e-02 1.055505709658743768e-01 8.157526105213880330e-02
8.996841178222608759e-02 6.668364343271958317e-02 8.231805613141814082e-02 1.062597513824681539e-01 8.397925754295987311e-02
9.412744850542371922e-02 6.562231741590850154e-02 6.926383705401287227e-02 9.966208298917780817e-02 8.563625835278852738e-02
5.437882945778691607e-02 5.437882945778691607e-02 5.779048718062174822e-02 9.595986652089434632e-02 7.476121286655341980e-02
4.212603104474155202e-02 6.093118485852170446e-02 5.894762900345460604e-02 1.176506661937478937e-01 9.604507759277643164e-02
7.556983893472116187e-02 7.079300330700249999e-02 5.841947785193105092e-02 1.103161916407100346e-01 8.883604514624879323e-02
6.367173618769743360e-02 8.978459069907904211e-02 7.658504884017730552e-02 1.295033557833584204e-01 9.441499611602910402e-02
9.516280028880584607e-02 9.516280028880584607e-02 7.365809171965699564e-02 1.578542511888217648e-01 1.330595037832830729e-01
8.699336517439057448e-02 8.431568941141172335e-02 8.431568941141172335e-02 1.194980785277848651e-01 9.682384646005658124e-02
5.728278378345808691e-02 4.534682778786594537e-02 4.534682778786594537e-02 1.354061736090760026e-01 1.007915872168147209e-01
6.900319622919548479e-02 6.900319622919548479e-02 6.900319622919548479e-02 1.689785773219044385e-01 1.011978120232152056e-01
4.863745344079980354e-02 4.863745344079980354e-02 4.863745344079980354e-02 1.247153002757720591e-01 1.196584280819762702e-01
6.192480565353369187e-02 5.746157244024889532e-02 6.741752631520933625e-02 1.632796015187503724e-01 1.560720280450106912e-01
1.086206166671139506e-01 1.065275986946321307e-01 1.065275986946321307e-01 1.514256434715658406e-01 1.259516174135673350e-01
6.624673328672397998e-02 6.624673328672397998e-02 6.624673328672397998e-02 1.268410217821696051e-01 1.257211576535353648e-01
4.489818824974022710e-02 4.489818824974022710e-02 4.489818824974022710e-02 1.087719580629319255e-01 1.066019612776113873e-01
5.133220323481617331e-02 6.837538370538320809e-02 6.837538370538320809e-02 1.429098838898453794e-01 1.149960900988877405e-01
6.154619435501577224e-02 6.154619435501577224e-02 6.154619435501577224e-02 1.326517193099997494e-01 1.244911775118014985e-01
6.060315352824767465e-02 3.672940776318898981e-02 6.060315352824767465e-02 1.732152636835306847e-01 1.049372093544838347e-01
5.509632791949217040e-02 5.509632791949217040e-02 5.509632791949217040e-02 1.520336158130022597e-01 1.140040078829637343e-01
6.574459632513215968e-02 6.119750493967738431e-02 6.119750493967738431e-02 1.332716064435366388e-01 1.158527013796727817e-01
9.888981456019634020e-02 1.109902556244533184e-01 9.214105413319680082e-02 1.755443180652454249e-01 1.503773898354775762e-01
7.503251278157475890e-02 7.503251278157475890e-02 7.503251278157475890e-02 1.899638928379272507e-01 1.591385271574715932e-01
6.464527233651932991e-02 6.635720525833666006e-02 6.464527233651932991e-02 1.780291029667841474e-01 1.675803075505231665e-01
8.217031683839579048e-02 8.217031683839579048e-02 8.217031683839579048e-02 1.431097208266850496e-01 1.381987440686563429e-01
6.326391930206887171e-02 4.372085551949550508e-02 5.187401638572711887e-02 1.252943320042656794e-01 1.237984833037552163e-01
4.704631355087869615e-02 3.866660034711276450e-02 4.704631355087869615e-02 1.070680663490063828e-01 1.293539898480428052e-01
6.504438306662255198e-02 6.504438306662255198e-02 6.504438306662255198e-02 1.163595198837511502e-01 1.373260521638389187e-01
5.408412750558246745e-02 5.408412750558246745e-02 4.477868205068607360e-02 1.173901672521597134e-01 1.323856820953696056e-01
9.217503124371438650e-02 9.217503124371438650e-02 8.813813924923663556e-02 1.220534088399906070e-01 1.271417532049811117e-01
6.210247528953208307e-02 6.210247528953208307e-02 6.395603631325535998e-02 1.007455545959228677e-01 1.220475866874042165e-01
6.745473666962283066e-02 6.604176454026211562e-02 7.545031876722832487e-02 9.507533463634590398e-02 1.276456802873727481e-01
4.790629926198373273e-02 4.790629926198373273e-02 4.790629926198373273e-02 9.620532556834493487e-02 1.134699892663799392e-01
6.051128967659429037e-02 5.878440496962686335e-02 5.878440496962686335e-02 8.279164596301206991e-02 1.030501579549443353e-01
6.035165245139782059e-02 6.035165245139782059e-02 6.584653022943379175e-02 7.848809541280211965e-02 7.411479540853264936e-02
6.759088866221418801e-02 6.015026255712012382e-02 6.015026255712012382e-02 9.081266452156308566e-02 1.042695023028136075e-01
1.214785903318719579e-01 1.165786399522358990e-01 1.165786399522358990e-01 1.107873230599730197e-01 1.400998556467165368e-01
6.123578018107254939e-02 6.123578018107254939e-02 5.398338025486180275e-02 5.911794686210451732e-02 9.050763003390099870e-02
4.814344293589967877e-02 4.814344293589967877e-02 4.814344293589967877e-02 6.670307423045178374e-02 8.271540871574357967e-02
6.448524785304393658e-02 5.025151735108369933e-02 5.025151735108369933e-02 6.270592476454407704e-02 7.132748658628863814e-02
4.767246593225236972e-02 4.767246593225236972e-02 4.767246593225236972e-02 6.701121869659819319e-02 8.822277258383225129e-02
5.665097703431055259e-02 5.839887111142369469e-02 5.501080278972012710e-02 6.809757747257891292e-02 9.756090142178690250e-02
7.154040980144725503e-02 7.154040980144725503e-02 7.154040980144725503e-02 7.410416516880910520e-02 8.525919643774729217e-02
4.216814614179808379e-02 6.205618491574350915e-02 4.216814614179808379e-02 5.033187024364302320e-02 7.750980979992574960e-02
6.244661147154247777e-02 6.244661147154247777e-02 6.244661147154247777e-02 7.138267712970920720e-02 9.188272207882108855e-02
6.108033558166087867e-02 6.108033558166087867e-02 6.108033558166087867e-02 7.120502612563657518e-02 9.893672622526331062e-02
7.271318422296249584e-02 6.658365739896879298e-02 6.658365739896879298e-02 7.200303022508261486e-02 9.729461958231284957e-02
4.851113545076576883e-02 4.851113545076576883e-02 4.851113545076576883e-02 5.993074562298061903e-02 8.367733428597390333e-02
7.499028463106588438e-02 6.331546481827357575e-02 6.331546481827357575e-02 7.499028463106588438e-02 9.026588200000534856e-02
4.962163989285760940e-02 4.962163989285760940e-02 4.962163989285760940e-02 7.516048630270678876e-02 8.902401543054154487e-02
5.921084164722931892e-02 5.921084164722931892e-02 5.921084164722931892e-02 6.444779168532803471e-02 6.998687527003888409e-02
4.952245955753410006e-02 4.952245955753410006e-02 4.952245955753410006e-02 6.429782033569035604e-02 8.443071819680035561e-02
4.537282354769116982e-02 4.537282354769116982e-02 4.537282354769116982e-02 5.718509187570895019e-02 7.063438949038140791e-02
5.380975828290626012e-02 5.380975828290626012e-02 5.380975828290626012e-02 6.356109406823520769e-02 7.249504182337969393e-02
5.653610991501176880e-02 5.653610991501176880e-02 5.653610991501176880e-02 6.187391613459372608e-02 7.915791214564493750e-02
4.872468332182275375e-02 4.872468332182275375e-02 4.872468332182275375e-02 6.197536337428596886e-02 7.886429403863121079e-02
5.839139451076356263e-02 5.839139451076356263e-02 5.839139451076356263e-02 6.841555799284627926e-02 7.130674962051429533e-02
6.057139477490831175e-02 6.057139477490831175e-02 6.057139477490831175e-02 7.394986528315165841e-02 7.540924353177905215e-02
6.270663938438617024e-02 6.270663938438617024e-02 6.270663938438617024e-02 7.012100530023697431e-02 7.098452605188225462e-02
4.220858749180885633e-02 4.220858749180885633e-02 4.220858749180885633e-02 6.631348811831568046e-02 6.382465682466122170e-02
5.333828289519868676e-02 5.890786455536883848e-02 5.890786455536883848e-02 7.909716457731751083e-02 8.207582054384618409e-02
4.938052501090005320e-02 4.668315144454932702e-02 4.668315144454932702e-02 7.106041291759296330e-02 6.998118524975810439e-02
4.884909277312188269e-02 5.112677404159317318e-02 5.112677404159317318e-02 7.550778385495768297e-02 7.435847896853278738e-02
