2.838339472903144145e-01
2.112002767651187385e-01
2.022057350720488644e-01
2.659387948950331371e-01
2.044844738705159370e-01
1.751102037793719757e-01
1.401579749720233137e-01
1.357089975133355664e-01
1.626088715956031938e-01
8.169604148658776710e-02
9.401620851329529904e-02
5.800261492003697811e-02
5.003588732047487692e-02
8.076972411065297397e-02
1.120272697267754164e-01
6.680094578781202441e-02
6.459038839343529681e-02
1.154489027197371925e-01
8.063630325288226319e-02
8.661315569117965241e-02
7.112072757670355461e-02
6.777559736036903315e-02
6.343653852531827564e-02
9.636044434864796115e-02
7.699376216364518799e-02
6.625281952864905954e-02
4.989280634553857480e-02
6.737530754530453303e-02
7.014741657963871613e-02
7.525440126008967057e-02
5.803313139536117604e-02
5.433541099184363565e-02
6.571758450266583507e-02
1.334508526332511269e-01
1.246763390530854915e-01
8.451925555336470275e-02
9.177915850774132078e-02
1.203969851377165445e-01
7.289131201240918456e-02
8.444592521656289763e-02
7.954463373851353158e-02
1.135090782497331224e-01
1.003734447874929381e-01
9.311686480997344306e-02
8.970697243932292120e-02
7.708380102548063884e-02
5.917912037675664150e-02
6.811028576231016596e-02
7.810568905933798489e-02
9.062304904980883480e-02
7.106731509924207879e-02
7.433919452609749623e-02
7.713922867642128423e-02
7.914784730506099764e-02
6.534849826743689694e-02
5.356708644520657980e-02
7.168144906471890510e-02
7.307349684409096546e-02
6.225956020596383478e-02
5.717731637945690920e-02
9.005584959397675004e-02
7.033357407470015865e-02
7.392195615846304524e-02
7.911684111558632548e-02
7.358913400964663121e-02
6.860129047095961385e-02
5.719327631759429237e-02
7.603014814840824975e-02
8.248222566317478521e-02
8.640719370527483179e-02
6.149404113406873457e-02
6.712154871499072251e-02
6.843740077611160100e-02
6.278333387256207487e-02
6.671114981757600426e-02
7.578912118448218049e-02
6.337820157224201278e-02
5.043529897444059412e-02
6.752986377037534238e-02
6.513865361563916934e-02
7.509624963980744694e-02
5.907895652628773059e-02
3.850968381851709726e-02
5.964891714052841104e-02
5.891765975213693329e-02
5.115462549237864004e-02
7.607047400581208596e-02
5.424229427414457849e-02
6.861824945560222877e-02
8.863088127562979146e-02
8.315030124926207911e-02
6.485972485540038301e-02
6.344039504641640903e-02
4.208265895037330978e-02
9.031018883945381159e-02
4.037717768724683604e-02
6.314310226911706847e-02
4.742471544963879071e-02
4.335493720955536923e-02
3.546552669180040585e-02
4.036024826255115577e-02
2.609118534986168067e-02
3.841379612268729787e-02
2.884521032281887193e-02
2.612314894991191530e-02
3.980910085430178907e-02
4.486516331885773839e-02
3.031292682679221501e-02
3.066780577125156199e-02
3.508484488998303563e-02
3.361645194389754204e-02
3.841033408763631918e-02
3.378501487150693816e-02
2.680737298782364872e-02
3.886056337047770481e-02
3.632297996501227672e-02
5.326624629041197545e-02
2.446164797914388706e-02
5.279631532321051035e-02
3.613607839005425482e-02
4.090502195393368179e-02
6.399023028878163266e-02
7.223069903431042493e-02
5.272573357341329980e-02
8.508959080757998172e-02
7.070495283174416112e-02
5.567010619464168170e-02
8.982019181590684964e-02
4.699609316767196232e-02
4.899967580300175485e-02
5.521813498994019437e-02
5.338042266554402643e-02
8.101719092110964970e-02
5.826210292150649922e-02
5.924612437828338796e-02
5.716315481165640255e-02
6.436322706214014921e-02
5.348441072799880319e-02
6.432572826995577864e-02
4.310740781974981700e-02
5.557116395131227876e-02
5.112840835217899449e-02
5.001096809547297961e-02
4.430493489403978385e-02
6.303642345617152531e-02
6.179549467681903774e-02
6.873782790238042173e-02
9.325827358331113814e-02
6.531215057180557448e-02
7.455521234287655619e-02
9.045122084827546260e-02
6.143140059709410739e-02
4.725929882890099465e-02
5.173602558507100352e-02
5.248523555182260658e-02
8.733860314937565150e-02
4.186518241863897843e-02
5.673048301986448327e-02
4.645455223596567373e-02
6.580244293038527148e-02
6.112303681578386272e-02
6.395848388314830102e-02
5.722075917594845323e-02
6.155548639582527487e-02
7.960803749552242126e-02
7.504982590323044933e-02
7.185956365966465753e-02
8.102592112446063699e-02
5.124165997371542269e-02
8.020942706012049173e-02
6.637639452745179580e-02
6.350895116766240578e-02
5.962913906952001936e-02
4.916066297222371900e-02
7.139771233350496182e-02
7.757767934784226549e-02
6.925583599586217221e-02
7.613475102831360197e-02
6.567083202235449169e-02
7.354083878345669956e-02
7.448922150607929782e-02
6.545718802829886274e-02
5.747101993563578926e-02
7.216684826613280201e-02
5.577989529984112016e-02
6.925153818967799690e-02
6.269332534111253519e-02
4.004247075085076019e-02
5.117068533615112130e-02
4.741525008783901984e-02
5.015978362620944486e-02
