2.980447355180401714e-01
1.969932317579891068e-01
1.612693312594564443e-01
2.796765279064103438e-01
1.657738319901672364e-01
1.155918279481751576e-01
7.982376712560146359e-02
9.669575988126249966e-02
1.843116254831808631e-01
6.625946616973453496e-02
9.692279827760096056e-02
5.877526545163071214e-02
4.748569467652707238e-02
8.627036878272471843e-02
9.894502129470156282e-02
7.426624273868918935e-02
7.454910057829230996e-02
1.027401740667583524e-01
5.320183723177349111e-02
9.885881343952507283e-02
6.409586786204859998e-02
8.501671763417767425e-02
8.575013288384379651e-02
7.832948612494484986e-02
8.731404832592337684e-02
7.496016223138085577e-02
6.746434292157559021e-02
7.140727422834279581e-02
7.034433335188665370e-02
7.415794177161509626e-02
7.868017506783835102e-02
7.894852058866987099e-02
6.858214446503567430e-02
1.411799982267473719e-01
1.435608644245047749e-01
6.568827001869173565e-02
9.983952699162011724e-02
1.016690215531876745e-01
8.012518963599533917e-02
1.043844474628983360e-01
6.196856913255210236e-02
1.170533616290048012e-01
1.158391525383377779e-01
5.872609568640448779e-02
7.339992707777857894e-02
5.243719652799121861e-02
5.948337685724525148e-02
8.393461163167698080e-02
7.368526743100480003e-02
7.356284906274707103e-02
7.263631237977870303e-02
6.059138505399331437e-02
7.993099298165019795e-02
7.901317321767493962e-02
6.032291935748476663e-02
8.582272420979343563e-02
7.318867575774569423e-02
7.967569528817758373e-02
6.313363746259165188e-02
5.963502851588668024e-02
6.238961923793311798e-02
6.323976600841177409e-02
7.748153496009797803e-02
7.459607729816926380e-02
7.745926756387559731e-02
6.746902581019488532e-02
7.534671897590557166e-02
6.829807814669777710e-02
8.146205282049495677e-02
7.199347600330825714e-02
5.720003666240303097e-02
6.719887490103514105e-02
6.504325546446421136e-02
8.848652276958331175e-02
5.311191040734757757e-02
4.289919042575648239e-02
5.554031283015962994e-02
8.387745016165479295e-02
8.351904963254896952e-02
5.954778764075122077e-02
6.542041810858907624e-02
6.031052595269523198e-02
5.942080638849215474e-02
5.447009725283349924e-02
5.465423959818502958e-02
4.855067353790791518e-02
6.951652261268485844e-02
4.496949671317333058e-02
4.332293495832894442e-02
7.486484779734081663e-02
6.824267284191695704e-02
6.028773555768040388e-02
5.868871887208509941e-02
6.803385526020575003e-02
7.805603676958876302e-02
6.637405585417206766e-02
7.008708512253897238e-02
4.242207396583906609e-02
4.020550825113291399e-02
3.797761917600021159e-02
4.381399475067432325e-02
3.351365481231254745e-02
3.702342622045529802e-02
3.127436933311669720e-02
3.732816522137929333e-02
5.052375149351526901e-02
3.077037535663593865e-02
2.882991834520559279e-02
2.428387853949317068e-02
2.967501345736361928e-02
2.331515603738931394e-02
3.212116190659654313e-02
4.400309084078812827e-02
4.169839077484360779e-02
1.917300229617745211e-02
3.030088107055108754e-02
4.726219389027305068e-02
5.353512217232024584e-02
5.521558678693345990e-02
8.811352479257134052e-02
4.501082660116906969e-02
5.123739922657566392e-02
3.890359223846606013e-02
3.581273744065140846e-02
4.814604510753706101e-02
6.364705088498395780e-02
3.396730231520485310e-02
5.189796360605370557e-02
5.131458987867916488e-02
5.605192125252366625e-02
7.887179963406935890e-02
5.585408508902798413e-02
7.507681516602629501e-02
6.421133123924299690e-02
6.023104579768248645e-02
6.018756432118766569e-02
8.861633279760264270e-02
5.935418447602677783e-02
7.548236900886763634e-02
6.557650093486272480e-02
5.947019143964209220e-02
5.711342554739220340e-02
6.410607882117821954e-02
5.037147817972228298e-02
7.693021142626459141e-02
5.458356022986264600e-02
6.238853484654366399e-02
5.371827449969561463e-02
4.794314394383940303e-02
8.824202335206143832e-02
6.095914660951693570e-02
6.909859049915209606e-02
7.189446415194204743e-02
6.331521779263057925e-02
5.812579990170482769e-02
7.067141502517287899e-02
4.662380167204274034e-02
7.652605233242271154e-02
5.483244648117167885e-02
6.303599518527754075e-02
6.732422738076623836e-02
6.574876013260620711e-02
6.007073826088215468e-02
6.089195718816073355e-02
1.006451612411903007e-01
6.963004182703509681e-02
6.490824273233303243e-02
6.385214550511777998e-02
5.613784279667864002e-02
7.121661575315026138e-02
9.766921931285052483e-02
5.750000694054718808e-02
5.731212523304741319e-02
5.729166274857708241e-02
6.353557447311546091e-02
8.635320900442788883e-02
6.093661763231204148e-02
7.918644469812756437e-02
6.642127904798239557e-02
6.058959444856497345e-02
7.364010360948759770e-02
5.581622501845952267e-02
3.982551365876632610e-02
6.320147228789921301e-02
4.685876122233605806e-02
4.370528266359340747e-02
5.759318381715702873e-02
3.948218222042675779e-02
4.215726918447409988e-02
5.011613680949583011e-02
4.914931400561351610e-02
