3.250473069808664794e-01 3.250473069808664794e-01 3.250473069808664794e-01 3.250473069808664794e-01 3.250473069808664794e-01
1.819228666735895616e-01 1.819228666735895616e-01 1.819228666735895616e-01 1.819228666735895616e-01 1.819228666735895616e-01
1.895427810026693305e-01 1.757201908069650764e-01 1.757201908069650764e-01 1.757201908069650764e-01 1.757201908069650764e-01
2.242356829140102203e-01 2.242356829140102203e-01 2.242356829140102203e-01 2.242356829140102203e-01 2.242356829140102203e-01
1.796519148855411085e-01 2.107227608758625303e-01 2.107227608758625303e-01 2.107227608758625303e-01 2.107227608758625303e-01
1.603902795936495151e-01 1.603902795936495151e-01 1.603902795936495151e-01 1.603902795936495151e-01 1.603902795936495151e-01
1.191638691407245765e-01 1.147859321515531661e-01 1.628588995229576786e-01 1.628588995229576786e-01 1.628588995229576786e-01
1.055155063541957233e-01 1.042044407991295496e-01 1.085551260430276943e-01 1.085551260430276943e-01 1.085551260430276943e-01
1.551494401286496183e-01 1.739695120390920835e-01 1.546837382243486103e-01 1.546837382243486103e-01 1.546837382243486103e-01
7.762127044230340833e-02 8.563629334373443203e-02 7.762127044230340833e-02 7.762127044230340833e-02 7.762127044230340833e-02
7.896468902064374129e-02 7.896468902064374129e-02 7.896468902064374129e-02 7.896468902064374129e-02 7.896468902064374129e-02
5.599460334545074830e-02 5.599460334545074830e-02 5.602521709528886229e-02 5.602521709528886229e-02 5.602521709528886229e-02
5.760158713797070007e-02 5.935195498221865901e-02 5.760158713797070007e-02 5.760158713797070007e-02 5.760158713797070007e-02
7.532893211896567187e-02 7.532893211896567187e-02 7.963119202990094625e-02 7.963119202990094625e-02 7.963119202990094625e-02
9.348127347218368466e-02 9.489386421029560870e-02 9.489386421029560870e-02 9.489386421029560870e-02 9.489386421029560870e-02
6.327447903131681872e-02 6.286675679676684281e-02 6.286675679676684281e-02 6.286675679676684281e-02 6.286675679676684281e-02
6.810101995433610889e-02 6.080780517580373912e-02 6.562240995306940772e-02 6.562240995306940772e-02 6.562240995306940772e-02
9.310734370299496299e-02 9.310734370299496299e-02 9.717027921667903412e-02 9.717027921667903412e-02 9.717027921667903412e-02
6.713983913175385065e-02 7.334772686630162963e-02 6.713983913175385065e-02 6.713983913175385065e-02 6.713983913175385065e-02
9.061071420457940395e-02 9.135212746320019173e-02 9.135212746320019173e-02 9.009750366893205797e-02 9.009750366893205797e-02
5.530315042459998248e-02 5.530315042459998248e-02 6.240001206482919532e-02 6.036282029944013694e-02 6.036282029944013694e-02
6.896968534770955839e-02 7.152561603841713078e-02 7.356106487302717378e-02 7.152561603841713078e-02 7.152561603841713078e-02
8.001478968545816528e-02 8.001478968545816528e-02 7.910595049602506257e-02 7.883378805890951802e-02 7.883378805890951802e-02
1.052930984097563277e-01 1.052930984097563277e-01 1.052930984097563277e-01 1.175304993299994410e-01 1.175304993299994410e-01
6.879044655092657334e-02 6.500279870763295276e-02 6.879044655092657334e-02 6.879044655092657334e-02 6.879044655092657334e-02
6.879499019067653043e-02 5.922732391149440612e-02 7.008702133372286813e-02 6.879499019067653043e-02 6.879499019067653043e-02
5.149741275940643292e-02 5.892741683012928111e-02 5.485406070229808390e-02 5.485406070229808390e-02 5.485406070229808390e-02
6.652666078999018573e-02 6.652666078999018573e-02 6.652666078999018573e-02 6.652666078999018573e-02 6.652666078999018573e-02
9.000060207094606746e-02 9.000060207094606746e-02 9.000060207094606746e-02 9.000060207094606746e-02 9.000060207094606746e-02
9.515034492631394003e-02 9.498987391149688042e-02 9.498987391149688042e-02 9.498987391149688042e-02 9.498987391149688042e-02
6.999173814121142922e-02 6.999173814121142922e-02 7.895087433859651616e-02 7.895087433859651616e-02 7.895087433859651616e-02
8.543733907287733020e-02 7.106358392679471003e-02 7.518510216445677130e-02 7.518510216445677130e-02 7.518510216445677130e-02
6.511823389029718079e-02 6.511823389029718079e-02 6.511823389029718079e-02 6.511823389029718079e-02 6.511823389029718079e-02
1.239408204227014226e-01 1.494787115817402812e-01 1.487701907049195638e-01 1.487701907049195638e-01 1.487701907049195638e-01
9.854900171264446840e-02 9.789142116816317019e-02 9.789142116816317019e-02 9.789142116816317019e-02 9.789142116816317019e-02
6.656314512145852791e-02 6.656314512145852791e-02 8.244436839841659537e-02 8.244436839841659537e-02 8.244436839841659537e-02
8.637702857652264365e-02 7.164751863763278716e-02 7.981751640385062463e-02 7.981751640385062463e-02 7.981751640385062463e-02
9.793544655898293871e-02 9.868024627801576243e-02 9.868024627801576243e-02 1.296331586566220606e-01 1.296331586566220606e-01
8.939216873007892195e-02 7.421801112868857409e-02 8.939216873007892195e-02 8.939216873007892195e-02 8.939216873007892195e-02
9.493420413124380175e-02 8.025336779607623872e-02 1.063549926591131206e-01 1.063549926591131206e-01 1.063549926591131206e-01
8.680013191078415902e-02 8.680013191078415902e-02 9.082458429787894361e-02 9.082458429787894361e-02 9.082458429787894361e-02
9.164384434541825164e-02 9.164384434541825164e-02 9.304797465606988449e-02 1.116731893194140152e-01 1.116731893194140152e-01
1.053359672669424013e-01 9.723282110927868038e-02 1.053359672669424013e-01 1.191500397495696278e-01 1.191500397495696278e-01
8.536003435805730732e-02 8.536003435805730732e-02 8.558022340409435214e-02 9.974202846025524705e-02 9.974202846025524705e-02
6.457823497652979972e-02 6.599788410428587826e-02 6.457823497652979972e-02 8.308021536310213062e-02 8.308021536310213062e-02
5.080995297597867832e-02 5.080995297597867832e-02 5.080995297597867832e-02 6.863589982570973691e-02 6.863589982570973691e-02
6.962335041176406780e-02 6.855085763006824040e-02 6.962335041176406780e-02 6.598133701679785579e-02 6.598133701679785579e-02
8.016270406834803686e-02 8.016270406834803686e-02 8.016270406834803686e-02 9.586786264324814733e-02 9.586786264324814733e-02
7.869869590169877027e-02 7.869869590169877027e-02 6.806322978105759647e-02 7.869869590169877027e-02 7.869869590169877027e-02
1.190648196539408343e-01 8.027287968285201636e-02 7.720153231876655808e-02 8.027287968285201636e-02 8.027287968285201636e-02
8.619071071050332655e-02 8.692808173518513926e-02 6.753817794449122613e-02 8.692808173518513926e-02 8.692808173518513926e-02
6.177348274961739355e-02 7.975551877140349410e-02 6.177348274961739355e-02 7.975551877140349410e-02 7.975551877140349410e-02
7.699127650296735959e-02 8.217555208723557880e-02 8.217555208723557880e-02 8.932740041266018505e-02 8.932740041266018505e-02
6.840795725362933122e-02 7.393195401995163174e-02 6.962540602588335181e-02 7.630241705397675100e-02 7.630241705397675100e-02
5.900924689125524453e-02 5.413992785163222049e-02 5.413992785163222049e-02 6.620178704027043781e-02 6.620178704027043781e-02
6.712187021478520366e-02 6.712187021478520366e-02 6.799211431205806622e-02 7.222096747159452435e-02 7.222096747159452435e-02
7.095262942826299768e-02 7.564777616352498513e-02 7.095262942826299768e-02 8.036968382122385013e-02 8.036968382122385013e-02
7.191909922823951085e-02 7.191909922823951085e-02 7.191909922823951085e-02 8.677707515913495040e-02 8.677707515913495040e-02
6.592897512628251300e-02 6.592897512628251300e-02 6.592897512628251300e-02 6.476238105031544012e-02 6.476238105031544012e-02
6.656296447328274857e-02 6.656296447328274857e-02 6.656296447328274857e-02 6.583493698635078939e-02 6.583493698635078939e-02
5.991804867169731735e-02 6.861430272180764345e-02 6.861430272180764345e-02 7.784417379494688871e-02 7.784417379494688871e-02
6.857950131326531751e-02 6.857950131326531751e-02 6.857950131326531751e-02 7.571015314614466807e-02 7.571015314614466807e-02
7.518863278731720279e-02 7.518863278731720279e-02 7.518863278731720279e-02 7.008938915710111184e-02 7.008938915710111184e-02
7.741093799721288082e-02 7.741093799721288082e-02 7.741093799721288082e-02 9.526503649329233492e-02 9.567679998484100723e-02
6.517544214160628235e-02 6.649703043187542295e-02 6.649703043187542295e-02 7.754738784034792554e-02 7.754738784034792554e-02
5.408247308767266670e-02 5.408247308767266670e-02 6.454077928022247668e-02 7.775352587925381254e-02 7.775352587925381254e-02
6.664884490542676010e-02 6.664884490542676010e-02 6.548319773863213455e-02 7.173976965867091826e-02 7.173976965867091826e-02
6.029337464237154165e-02 6.029337464237154165e-02 7.175014152606370987e-02 7.820328309971515124e-02 7.820328309971515124e-02
6.307239686195355299e-02 6.307239686195355299e-02 9.078841214088710643e-02 9.721976466482586121e-02 9.721976466482586121e-02
7.383146040653833231e-02 7.374615765088347874e-02 6.830753216616085310e-02 1.018179017838592715e-01 1.018179017838592715e-01
5.575139532171105583e-02 5.297487297862497196e-02 5.814515061989616179e-02 8.495781924741553637e-02 8.495781924741553637e-02
7.132395048411356575e-02 7.132395048411356575e-02 8.166839425155454635e-02 8.906040883730799440e-02 8.906040883730799440e-02
7.066411157717879254e-02 7.363376991459096021e-02 9.411249164333204686e-02 1.174792595646692167e-01 1.174792595646692167e-01
6.662903645490748927e-02 6.559076993405935085e-02 7.699895453881526464e-02 1.053533014866495088e-01 1.053533014866495088e-01
5.465133194316534881e-02 5.465133194316534881e-02 7.858018803971526800e-02 1.099594630689078451e-01 1.099594630689078451e-01
5.794519007631803581e-02 5.794519007631803581e-02 7.827026088133255677e-02 1.243998538974935009e-01 1.243998538974935009e-01
6.682788547214234265e-02 6.682788547214234265e-02 9.906654033780407098e-02 1.323321016118819693e-01 1.323321016118819693e-01
4.469174067965020480e-02 4.469174067965020480e-02 6.635193695779503797e-02 1.194480129549182756e-01 1.194480129549182756e-01
6.825562400458759504e-02 5.085143989172501849e-02 6.825562400458759504e-02 9.830494558956340279e-02 9.830494558956340279e-02
6.507034743085998718e-02 5.651333509208410211e-02 6.507034743085998718e-02 1.077852524480494845e-01 1.085318285521506970e-01
7.098160496913805129e-02 7.098160496913805129e-02 6.417602563452259878e-02 1.360866846713493783e-01 1.343747877779716826e-01
5.488571416388915436e-02 5.488571416388915436e-02 5.488571416388915436e-02 1.001136533576072601e-01 1.035607331445096146e-01
5.178827631198556353e-02 4.926403600399601596e-02 4.926403600399601596e-02 9.297968379119603277e-02 9.846068699260228374e-02
5.133583923492963247e-02 5.133583923492963247e-02 5.133583923492963247e-02 8.211013814058117088e-02 8.980647751122038114e-02
5.966120074032552068e-02 5.966120074032552068e-02 5.966120074032552068e-02 8.982560999335649499e-02 9.264267729716266220e-02
6.277547390755361389e-02 5.462717483817439157e-02 5.462717483817439157e-02 9.521987471248935520e-02 1.055443116679879584e-01
5.074011755534230117e-02 4.954151423601448057e-02 4.954151423601448057e-02 9.193123947653100703e-02 9.569275553859549199e-02
4.034392068195818970e-02 4.034392068195818970e-02 4.034392068195818970e-02 8.475905144488003751e-02 8.972141426893966154e-02
4.315401902517640442e-02 4.315401902517640442e-02 4.315401902517640442e-02 7.318933869284327542e-02 8.527516542472532435e-02
5.444281725727324189e-02 8.440163327156019468e-02 8.440163327156019468e-02 1.123916795098033605e-01 1.163907137701588601e-01
6.721760169042564903e-02 6.721760169042564903e-02 6.721760169042564903e-02 6.930820711491433861e-02 8.713038446827203742e-02
6.585617979367933139e-02 4.421198931449912134e-02 4.421198931449912134e-02 6.585617979367933139e-02 6.653048702136160619e-02
3.824322775723747875e-02 4.200437884054408766e-02 4.519638301449543927e-02 7.094459431924508841e-02 8.566014959066804713e-02
5.403446174932373391e-02 5.403446174932373391e-02 5.403446174932373391e-02 7.671153152880046122e-02 9.217619706186547246e-02
7.059914120801696891e-02 7.059914120801696891e-02 7.059914120801696891e-02 7.684778058153074465e-02 8.750806567484102627e-02
6.993484638739391746e-02 6.993484638739391746e-02 6.993484638739391746e-02 9.570737083848868121e-02 1.010319819212291276e-01
7.438324981185254203e-02 5.977582857432982982e-02 5.977582857432982982e-02 7.438324981185254203e-02 8.586644593682557502e-02
4.238724664605523357e-02 4.238724664605523357e-02 4.238724664605523357e-02 5.975606382510934012e-02 7.240925721629873357e-02
4.058877813357950060e-02 3.682542783215649734e-02 3.682542783215649734e-02 6.557063879433060183e-02 7.918068328653780907e-02
3.665267079002700740e-02 3.665267079002700740e-02 3.665267079002700740e-02 6.567084517845875324e-02 7.441555774156714820e-02
4.230955775119028123e-02 4.230955775119028123e-02 4.230955775119028123e-02 5.628453485902925463e-02 6.288912859990776483e-02
2.678779071577445242e-02 2.678779071577445242e-02 2.678779071577445242e-02 4.984434686632820133e-02 7.063368011643196553e-02
4.947424026709663913e-02 4.947424026709663913e-02 4.947424026709663913e-02 6.962738092569749349e-02 8.873193115856191360e-02
4.948693530169840510e-02 4.085007523494282172e-02 4.085007523494282172e-02 7.147480137163210456e-02 8.877958406700429961e-02
4.770156252845209055e-02 4.770156252845209055e-02 4.770156252845209055e-02 5.573062281369403625e-02 6.268365923685477459e-02
6.079620522882173833e-02 6.079620522882173833e-02 6.079620522882173833e-02 6.579096403470408028e-02 8.081219178786637480e-02
4.151879361870706303e-02 4.151879361870706303e-02 4.151879361870706303e-02 5.797487477106358367e-02 7.409399652407075432e-02
2.908355394243312617e-02 2.908355394243312617e-02 2.908355394243312617e-02 4.894775686950531002e-02 7.146519738116489939e-02
3.320166589775146865e-02 3.320166589775146865e-02 3.320166589775146865e-02 4.936184942301223566e-02 7.383607977559243640e-02
5.299343810206638694e-02 5.299343810206638694e-02 5.299343810206638694e-02 6.137891182840848892e-02 6.625598024655127150e-02
2.616359002650682844e-02 2.616359002650682844e-02 2.616359002650682844e-02 3.842534407497891213e-02 5.955653035017871577e-02
3.121085071710054740e-02 3.010077002164757154e-02 3.010077002164757154e-02 4.136177234227766952e-02 7.072928675039334701e-02
2.629776767704000359e-02 2.629776767704000359e-02 2.728227712969017588e-02 4.479553855222526831e-02 6.531150094838177045e-02
4.273314076474265394e-02 4.273314076474265394e-02 4.273314076474265394e-02 5.730024842491963227e-02 7.882534486808064067e-02
2.346343107951708029e-02 2.346343107951708029e-02 2.346343107951708029e-02 2.658253602936885146e-02 4.423660338448866247e-02
4.767920188621635469e-02 4.767920188621635469e-02 4.741515788714881913e-02 5.201517604475565382e-02 7.797346048161878096e-02
4.367197787046746965e-02 3.691271771316452510e-02 3.691271771316452510e-02 4.381263762298518577e-02 6.563697746462998639e-02
3.504882826752624830e-02 3.815871991813189756e-02 3.673731939267833868e-02 3.738298790310273095e-02 6.211121969025398815e-02
4.445606091387714620e-02 4.081696772598328304e-02 4.081696772598328304e-02 3.576450594460760940e-02 5.919852585002033374e-02
4.136112518484661577e-02 4.136112518484661577e-02 4.929071277761599285e-02 4.136112518484661577e-02 5.699555232209050498e-02
5.624437739042896511e-02 4.719182421595451843e-02 5.624437739042896511e-02 4.719182421595451843e-02 5.168468590924049644e-02
3.422717642186566545e-02 5.244185932146828988e-02 3.172974414770655949e-02 5.244185932146828988e-02 4.293394528527819803e-02
2.494468723015403136e-02 2.494468723015403136e-02 3.051051742375770690e-02 3.318422615498069217e-02 5.371492790887264640e-02
4.066361963649590267e-02 4.318468693298270489e-02 3.933444152276224098e-02 4.066361963649590267e-02 3.902854269147252447e-02
3.856891190999955227e-02 3.912954562127323593e-02 3.912954562127323593e-02 4.971352108664828934e-02 4.964768430482445483e-02
6.349579919278593165e-02 5.342842083774898554e-02 6.005763516798032220e-02 5.852405359317858907e-02 5.490828360703126770e-02
2.749403655726328707e-02 2.749403655726328707e-02 2.424213391783403698e-02 3.450889422814645141e-02 2.915814891733965394e-02
7.169819077749094161e-02 7.600579188932175823e-02 6.048797841710798484e-02 9.422734459382704764e-02 9.310338575985957488e-02
5.491194159186881668e-02 6.199674486044483290e-02 6.043095303900608561e-02 8.159902154258717732e-02 5.622990996241114536e-02
5.144495582832954439e-02 5.144495582832954439e-02 5.144495582832954439e-02 6.779410033639374222e-02 5.823399570484807247e-02
6.125494371132216703e-02 6.125494371132216703e-02 6.125494371132216703e-02 8.285823424758981259e-02 7.886945951162738222e-02
5.422881672677759557e-02 6.390556251237479446e-02 6.713003244680149084e-02 1.245983240971882400e-01 7.159247967093322618e-02
4.403011286166416682e-02 4.403011286166416682e-02 4.910904071723075359e-02 1.206558359195693542e-01 8.624510518844559492e-02
5.918136678922820276e-02 5.840459456296288182e-02 6.091012978821921248e-02 1.079894678656350276e-01 8.279441647216251310e-02
8.453972115821474509e-02 8.453972115821474509e-02 7.738852767377182862e-02 1.173962648626557248e-01 1.041010262927546393e-01
4.750906255591844096e-02 6.725706679972660862e-02 4.750906255591844096e-02 1.081155177448124977e-01 7.165807924808643981e-02
7.774492595787049765e-02 7.774492595787049765e-02 7.774492595787049765e-02 1.282236583425322707e-01 1.058281457387016955e-01
7.949063796750435729e-02 7.949063796750435729e-02 7.949063796750435729e-02 1.487358725097971401e-01 1.114565545137891356e-01
5.868989749641569803e-02 6.381226346185751852e-02 6.381226346185751852e-02 1.661467196816265868e-01 8.563958481561280423e-02
6.162267749906327752e-02 6.110467262657252874e-02 6.110467262657252874e-02 1.386261090648994720e-01 1.271627704181825802e-01
6.131717793487510837e-02 6.190969266978296748e-02 6.190969266978296748e-02 1.313376906938898414e-01 1.198197353047139035e-01
6.453502605264352376e-02 6.453502605264352376e-02 6.453502605264352376e-02 1.318562591694129871e-01 9.957119294850166891e-02
4.123119973067581462e-02 4.123119973067581462e-02 4.123119973067581462e-02 1.103639983959927989e-01 1.042598437849854287e-01
5.235719355811632031e-02 4.527346808004078377e-02 4.527346808004078377e-02 1.108800886504774513e-01 1.078736780030439130e-01
6.856656221517816452e-02 6.856656221517816452e-02 6.856656221517816452e-02 1.334702308013883398e-01 1.168225486608962665e-01
6.601339926348494258e-02 6.023359438953309469e-02 6.023359438953309469e-02 1.242658876424572734e-01 1.500055942698835243e-01
7.503263366904253107e-02 7.503263366904253107e-02 7.503263366904253107e-02 2.496170394701267281e-01 3.235050316470561294e-01
5.123106122404078033e-02 5.806670454529885839e-02 5.806670454529885839e-02 1.438994753443146590e-01 1.541460743647456721e-01
9.877961339478394387e-02 4.805225679657868648e-02 4.805225679657868648e-02 1.034100266766642129e-01 1.161640384607561804e-01
1.012957342012298367e-01 1.012957342012298367e-01 8.337269819404548310e-02 1.536636478061924604e-01 1.463764147088541800e-01
1.254913709334303518e-01 1.048718940849124454e-01 9.539213353300585174e-02 1.694656571390996402e-01 1.630163956410611292e-01
9.471934149669303249e-02 9.150647565974255604e-02 9.471934149669303249e-02 1.711923920285039202e-01 1.612445848528033521e-01
7.182021167664265349e-02 5.908472985683501516e-02 5.128331176538781372e-02 1.476482621709279408e-01 1.556786341970882170e-01
6.059964267465025450e-02 6.059964267465025450e-02 5.709246868877866643e-02 1.298305052440553997e-01 1.306117117385650062e-01
4.668746547085696891e-02 4.668746547085696891e-02 4.668746547085696891e-02 9.009943963579990223e-02 1.049232634748825249e-01
5.571314749769579189e-02 5.571314749769579189e-02 5.571314749769579189e-02 1.193218112423125726e-01 1.296098455022024198e-01
5.254849551781048955e-02 5.254849551781048955e-02 5.703854551112992610e-02 1.177578394596985323e-01 1.490139652091893308e-01
6.567054752298384646e-02 6.567054752298384646e-02 6.567054752298384646e-02 1.144554200476045613e-01 1.242246121890025756e-01
5.208382049375275685e-02 5.208382049375275685e-02 5.208382049375275685e-02 1.102354259909191780e-01 1.195833662713946255e-01
8.537281405086385999e-02 8.537281405086385999e-02 8.537281405086385999e-02 1.088853178683942824e-01 1.125645175014830801e-01
5.914480383790902268e-02 5.914480383790902268e-02 5.914480383790902268e-02 8.452945948329092241e-02 9.850949544608728070e-02
6.497908864611190438e-02 5.499022463547292155e-02 5.499022463547292155e-02 7.943927337711842451e-02 8.522201977342896972e-02
6.693755218461941436e-02 5.843611376806728819e-02 5.843611376806728819e-02 7.032580044672236130e-02 8.296773115776415186e-02
6.067477207576961462e-02 6.067477207576961462e-02 6.067477207576961462e-02 7.842060414287879699e-02 9.690767559580701351e-02
9.129948163258509719e-02 7.339726410001312651e-02 7.339726410001312651e-02 9.396249025189092052e-02 1.266748123813350169e-01
5.955503215571873038e-02 5.955503215571873038e-02 6.073453504328835822e-02 5.955503215571873038e-02 8.078366132852564385e-02
6.114836916631997965e-02 7.238574714124319798e-02 5.881368085177630239e-02 7.238574714124319798e-02 7.936395536768452164e-02
9.105172789454044069e-02 9.852956574258782407e-02 9.105172789454044069e-02 9.852956574258782407e-02 1.301425711089096160e-01
6.764001318127980944e-02 6.764001318127980944e-02 6.764001318127980944e-02 8.393783945842391014e-02 1.015392662591284162e-01
7.049562313574757322e-02 7.049562313574757322e-02 7.049562313574757322e-02 7.014366321327632214e-02 9.547585035098057893e-02
7.981878544762815997e-02 7.981878544762815997e-02 7.981878544762815997e-02 8.885818181385840564e-02 9.948976662680733551e-02
6.361173909804138105e-02 5.046567730876127394e-02 5.046567730876127394e-02 6.641832849694333241e-02 9.297969226407229448e-02
6.334191760713051011e-02 5.463126026680140135e-02 5.463126026680140135e-02 6.334191760713051011e-02 7.553864475310990978e-02
6.739788864373663646e-02 6.739788864373663646e-02 6.739788864373663646e-02 7.539259836412429139e-02 9.392165806161995034e-02
6.844435962009445817e-02 6.844435962009445817e-02 6.844435962009445817e-02 8.063500235212608946e-02 9.035310382988084865e-02
5.545004790693198321e-02 5.545004790693198321e-02 5.545004790693198321e-02 6.106391407539895483e-02 8.578212779970693924e-02
6.419908759462042425e-02 6.419908759462042425e-02 6.419908759462042425e-02 6.989527791045836713e-02 8.378617268276460084e-02
4.536272102349207802e-02 4.536272102349207802e-02 4.536272102349207802e-02 5.876228264947659652e-02 8.100124736814469373e-02
5.331264226070877438e-02 5.331264226070877438e-02 5.331264226070877438e-02 6.680141325609992298e-02 8.378056404432290827e-02
6.694405949821277679e-02 7.043792554109738757e-02 7.043792554109738757e-02 7.288525520992066020e-02 8.398248689288628777e-02
6.130427795063812801e-02 6.130427795063812801e-02 6.130427795063812801e-02 6.740056889153614450e-02 7.724141166997626484e-02
5.804953456877647716e-02 4.975926638505084182e-02 4.975926638505084182e-02 5.726943237137254589e-02 6.986786402459495282e-02
5.172826233685372255e-02 5.744402215122045713e-02 5.172826233685372255e-02 6.425724448733001470e-02 7.267797193378862375e-02
5.050100287727476989e-02 5.050100287727476989e-02 5.050100287727476989e-02 6.177169771721712638e-02 7.854166068254202215e-02
6.307344240164751425e-02 6.307344240164751425e-02 6.307344240164751425e-02 7.204678952879635390e-02 7.966254191776382665e-02
6.159802632113959425e-02 6.159802632113959425e-02 6.159802632113959425e-02 6.857328923265974818e-02 8.127230884088286478e-02
6.344652050841549651e-02 6.123021899986050981e-02 6.123021899986050981e-02 7.335337338355735204e-02 7.343178763121989416e-02
3.710364210884352365e-02 5.354510689387253358e-02 5.354510689387253358e-02 7.227571385453841757e-02 6.689086428787417715e-02
4.271133914423665828e-02 4.271133914423665828e-02 5.280510221567395052e-02 7.342047282550903664e-02 6.495682961661136678e-02
4.972486362853442698e-02 4.789452851886570606e-02 5.988844121804551973e-02 7.310395908392762487e-02 8.247022878579687855e-02
5.403523847689835347e-02 5.662112642051432554e-02 5.662112642051432554e-02 9.129876078686562091e-02 8.832780030573310348e-02
