2.962119358491743237e-01 2.962119358491743237e-01 2.962119358491743237e-01 2.962119358491743237e-01 2.962119358491743237e-01
2.879375872254031354e-01 2.397076429979574652e-01 2.397076429979574652e-01 2.397076429979574652e-01 2.397076429979574652e-01
1.618994276320391001e-01 1.618994276320391001e-01 1.618994276320391001e-01 1.618994276320391001e-01 1.618994276320391001e-01
3.019825103842859182e-01 3.019825103842859182e-01 3.019825103842859182e-01 3.019825103842859182e-01 3.019825103842859182e-01
1.749891509346044594e-01 1.999647802168161848e-01 1.999647802168161848e-01 1.999647802168161848e-01 1.999647802168161848e-01
1.412925826489720149e-01 1.412925826489720149e-01 1.340007144772370484e-01 1.340007144772370484e-01 1.340007144772370484e-01
1.023172846434024924e-01 1.023172846434024924e-01 1.805344733383657252e-01 1.805344733383657252e-01 1.805344733383657252e-01
1.456048897683507037e-01 1.456048897683507037e-01 1.479826921405267837e-01 1.479826921405267837e-01 1.479826921405267837e-01
1.859851725675107370e-01 1.583721588839141770e-01 1.859851725675107370e-01 1.859851725675107370e-01 1.859851725675107370e-01
5.883128872226244671e-02 6.234492580503437492e-02 5.883128872226244671e-02 5.883128872226244671e-02 5.883128872226244671e-02
1.165384802683878118e-01 1.165384802683878118e-01 1.165384802683878118e-01 1.165384802683878118e-01 1.165384802683878118e-01
5.451599782416265139e-02 5.451599782416265139e-02 5.320944487816411939e-02 5.320944487816411939e-02 5.320944487816411939e-02
5.749504117534796205e-02 5.749504117534796205e-02 5.749504117534796205e-02 5.749504117534796205e-02 5.749504117534796205e-02
8.832598487323206626e-02 9.250245767136086594e-02 9.731137663754604872e-02 9.731137663754604872e-02 9.731137663754604872e-02
1.049498148579691842e-01 1.049498148579691842e-01 1.038897902340978063e-01 1.038897902340978063e-01 1.038897902340978063e-01
6.979335640494363502e-02 6.979335640494363502e-02 7.848263405047556374e-02 7.848263405047556374e-02 7.848263405047556374e-02
6.984970408994833901e-02 7.201580376987171128e-02 6.984970408994833901e-02 6.984970408994833901e-02 6.984970408994833901e-02
1.045686004761439691e-01 1.052012600950111287e-01 1.045686004761439691e-01 1.045686004761439691e-01 1.045686004761439691e-01
7.077054345805379454e-02 5.728726202233670739e-02 6.510497312831108052e-02 5.728726202233670739e-02 5.728726202233670739e-02
7.208349783580068892e-02 8.072123257001691254e-02 7.208349783580068892e-02 7.786878577619010811e-02 7.786878577619010811e-02
7.639379320939179707e-02 7.639379320939179707e-02 7.831699425699116535e-02 8.058668539884313031e-02 8.058668539884313031e-02
7.641364303368010369e-02 7.641364303368010369e-02 7.119703022914701529e-02 7.644285864130007102e-02 7.644285864130007102e-02
8.962260606112769368e-02 8.796038422796945144e-02 8.796038422796945144e-02 1.000926468811614567e-01 1.000926468811614567e-01
7.178766906829395222e-02 7.178766906829395222e-02 7.178766906829395222e-02 8.074183126391352994e-02 8.074183126391352994e-02
7.741164697833054220e-02 9.145688695130652079e-02 9.145688695130652079e-02 8.650000504019556002e-02 8.650000504019556002e-02
7.236940647412200278e-02 6.871523639349992607e-02 6.871523639349992607e-02 7.521943030241651229e-02 7.521943030241651229e-02
5.750600240496142601e-02 5.684383104081842941e-02 5.684383104081842941e-02 5.811939701885156240e-02 5.811939701885156240e-02
7.694907320893240588e-02 7.694907320893240588e-02 7.292016824932455454e-02 8.261864360074058777e-02 8.261864360074058777e-02
6.027286936268311940e-02 6.027286936268311940e-02 6.291662145698076469e-02 6.291662145698076469e-02 6.291662145698076469e-02
7.980278003388782682e-02 8.423429733476185677e-02 8.691202282677816526e-02 8.691202282677816526e-02 8.691202282677816526e-02
5.778204894722545337e-02 5.457161063576441984e-02 5.167138264114772006e-02 5.167138264114772006e-02 5.167138264114772006e-02
1.054790300677600906e-01 1.240588067260699340e-01 1.240588067260699340e-01 1.240588067260699340e-01 1.240588067260699340e-01
6.601919583361161303e-02 6.601919583361161303e-02 6.641256855644639412e-02 6.641256855644639412e-02 6.641256855644639412e-02
1.388582550303583962e-01 1.373012665811020327e-01 1.373012665811020327e-01 1.436276060384459319e-01 1.436276060384459319e-01
8.434840591546834132e-02 1.063242417479302038e-01 9.018624912966845264e-02 1.044609133467778034e-01 1.044609133467778034e-01
6.665868637065326674e-02 6.786983045117778168e-02 6.786983045117778168e-02 8.003002370228425033e-02 8.003002370228425033e-02
7.892196233722459375e-02 7.892196233722459375e-02 7.892196233722459375e-02 8.817668891404341347e-02 8.817668891404341347e-02
9.387340845907056475e-02 9.402757349652861307e-02 9.402757349652861307e-02 1.105821598641625325e-01 1.105821598641625325e-01
7.012766291400267249e-02 7.012766291400267249e-02 7.012766291400267249e-02 8.078910546393586189e-02 8.078910546393586189e-02
7.955824109021623902e-02 8.355067094330581590e-02 8.355067094330581590e-02 8.895097199226237317e-02 8.895097199226237317e-02
7.946534513547735823e-02 6.600260489568399169e-02 6.811955494526189536e-02 7.473626415175824156e-02 7.473626415175824156e-02
9.542976256834007076e-02 9.542976256834007076e-02 9.605526998688979079e-02 1.248995271353314923e-01 1.248995271353314923e-01
1.044771012181637676e-01 9.908020631704009262e-02 9.532989249754973693e-02 1.090880815447111823e-01 1.090880815447111823e-01
6.428112356194282118e-02 6.428112356194282118e-02 7.433425320094907973e-02 7.659971648753685636e-02 7.659971648753685636e-02
8.519121208855491567e-02 8.519121208855491567e-02 8.593468305046686462e-02 8.119235839409748301e-02 8.119235839409748301e-02
1.016949125070701621e-01 1.016949125070701621e-01 1.125898333691105202e-01 1.097552018576440774e-01 1.097552018576440774e-01
5.310155186338618577e-02 5.815496323793314937e-02 5.310155186338618577e-02 6.322958119451133063e-02 6.322958119451133063e-02
8.040812906758836032e-02 8.040812906758836032e-02 8.302871752842146125e-02 1.011357131994671255e-01 1.011357131994671255e-01
8.974641743169144148e-02 8.616131006304703077e-02 9.592803597414722994e-02 9.725072110533257430e-02 9.725072110533257430e-02
8.369926498187811592e-02 7.387881071717800063e-02 8.369926498187811592e-02 7.758185699521534529e-02 7.758185699521534529e-02
8.563681974500986227e-02 8.468583396599485558e-02 8.468583396599485558e-02 8.640796641337196438e-02 8.640796641337196438e-02
7.724906674080997404e-02 7.561467306906277663e-02 8.313708298538149966e-02 7.818223413073208117e-02 7.818223413073208117e-02
7.781095281398822672e-02 6.751410624564728458e-02 7.781095281398822672e-02 6.656029566187048052e-02 6.656029566187048052e-02
1.105216760169711876e-01 1.105216760169711876e-01 1.062035113382726464e-01 1.216398794984038106e-01 1.216398794984038106e-01
6.083889153134289934e-02 6.297148702388134789e-02 6.297148702388134789e-02 7.096794695468409964e-02 7.096794695468409964e-02
7.674967996382810187e-02 6.366744942929639106e-02 8.288345947448881590e-02 6.637123801981023585e-02 6.637123801981023585e-02
8.833905622309067007e-02 8.056783352630772499e-02 7.981094591550395856e-02 8.816787656251250105e-02 8.816787656251250105e-02
8.219596707031076588e-02 8.006591427040728182e-02 8.299585411226209630e-02 9.238641794932839213e-02 9.238641794932839213e-02
7.964130742031351462e-02 7.632983783079880236e-02 7.632983783079880236e-02 7.964130742031351462e-02 7.964130742031351462e-02
5.364282313351777243e-02 5.835155761263015328e-02 5.835155761263015328e-02 5.433017690687053786e-02 5.433017690687053786e-02
4.782507260458257470e-02 4.782507260458257470e-02 6.189155935451077367e-02 7.320382445377279779e-02 7.320382445377279779e-02
7.885946561419286682e-02 7.885946561419286682e-02 7.885946561419286682e-02 7.359948437312711922e-02 7.359948437312711922e-02
5.632075921064400026e-02 6.065566731685150675e-02 5.632075921064400026e-02 6.391865011670452845e-02 6.391865011670452845e-02
6.568646110291985474e-02 6.568646110291985474e-02 7.609517884382595299e-02 8.805397011930686524e-02 8.805397011930686524e-02
7.392816135249545562e-02 7.520616071409501335e-02 6.700192884873885923e-02 8.525279392113882526e-02 8.525279392113882526e-02
5.902210892809121173e-02 6.398156053322685832e-02 6.667954276193249763e-02 8.174362474443756799e-02 8.274038950036022300e-02
6.409956240647075865e-02 6.877917364670606271e-02 6.877917364670606271e-02 8.758065646237275792e-02 8.972130518365266372e-02
5.906024670657045172e-02 6.399859076420404136e-02 6.399859076420404136e-02 7.405957477088678798e-02 7.505027797504908171e-02
6.247825244316710519e-02 6.247825244316710519e-02 9.204922479031296678e-02 8.932447469368204329e-02 8.538483116263534400e-02
6.495901304625395500e-02 5.390231147518011190e-02 6.786720737939631876e-02 9.493706127327757038e-02 9.606822529840690350e-02
6.027365224862627630e-02 6.686119523561502576e-02 6.843085546144454800e-02 8.964183301312167451e-02 9.343974340452597394e-02
7.731163777984360885e-02 7.681468993658600863e-02 8.428242583944914323e-02 1.002372203399931744e-01 9.662104346643335395e-02
6.345932536981702121e-02 6.345932536981702121e-02 8.872912004736960290e-02 1.129164033667138384e-01 1.144973438205595662e-01
6.836835720178406628e-02 6.836835720178406628e-02 8.605496440527647672e-02 1.136658574482484890e-01 1.135621815580766525e-01
6.588376180632334045e-02 6.588376180632334045e-02 9.174671350162257044e-02 1.259087245763668428e-01 1.226739829891554112e-01
6.032321475699681940e-02 6.032321475699681940e-02 7.858187923279491560e-02 1.256569072647649998e-01 1.237213950515993338e-01
6.723908550061045986e-02 6.671917945272462513e-02 9.334778877446225920e-02 1.188194951898947360e-01 1.289179030493929345e-01
6.065941563927325364e-02 6.065941563927325364e-02 7.871014891402211555e-02 1.324579971387852551e-01 1.315174297685770544e-01
7.086744806276049080e-02 7.086744806276049080e-02 8.884307282856505894e-02 1.094727986824841348e-01 1.154237822404728386e-01
5.635441042066513528e-02 5.635441042066513528e-02 6.032194220965643450e-02 9.555986906883134901e-02 1.038840645422621500e-01
5.384544406158554147e-02 6.908233490224147122e-02 5.921145523221983675e-02 9.944077409929800992e-02 1.159197755694188064e-01
6.658180733909238591e-02 6.658180733909238591e-02 6.512952833079690973e-02 9.440531506008004170e-02 1.056591439383981340e-01
4.191876280932185783e-02 4.191876280932185783e-02 4.509283191090727311e-02 7.417296708313858566e-02 8.076580353211840202e-02
4.648781014197480438e-02 5.499920616304902060e-02 6.419857929965190613e-02 8.440939176279131650e-02 8.676012396271355620e-02
6.155252430072988973e-02 6.155252430072988973e-02 6.155252430072988973e-02 8.746779220112167741e-02 8.959359958965673609e-02
5.662130242512292133e-02 5.836260617193942540e-02 5.836260617193942540e-02 9.674918952282803020e-02 9.755128825915052038e-02
7.007037656990426633e-02 7.007037656990426633e-02 7.007037656990426633e-02 1.041978351864967789e-01 1.076753534464753442e-01
4.460931237976579339e-02 4.460931237976579339e-02 4.460931237976579339e-02 1.019230384956841401e-01 1.009171482396711977e-01
8.020346602759829968e-02 5.985819043315800114e-02 5.985819043315800114e-02 9.030077307004873155e-02 9.687069248255111842e-02
6.125024763613774736e-02 5.932123763033739228e-02 5.932123763033739228e-02 8.196723741606849745e-02 1.048778848059859770e-01
7.585585092930265116e-02 7.585585092930265116e-02 7.585585092930265116e-02 9.264383034837300746e-02 1.026021867637610663e-01
8.107556790953909798e-02 7.173997242447098521e-02 7.173997242447098521e-02 8.107556790953909798e-02 9.265126195749846805e-02
6.649870158934925723e-02 6.649870158934925723e-02 6.649870158934925723e-02 9.053030943475956493e-02 9.972267048714836268e-02
4.743259914753793216e-02 4.743259914753793216e-02 4.743259914753793216e-02 6.939073371510985633e-02 8.634197858168937700e-02
7.422835368140756618e-02 7.422835368140756618e-02 7.422835368140756618e-02 9.279671748630441419e-02 1.037858277333038315e-01
5.230999020537144273e-02 5.230999020537144273e-02 5.230999020537144273e-02 7.463973983143858126e-02 7.824519753971045932e-02
6.884063531241560452e-02 5.008944024726285499e-02 5.008944024726285499e-02 7.810619777723111501e-02 7.954159198528258645e-02
3.827530952743915527e-02 3.827530952743915527e-02 3.827530952743915527e-02 5.849836526065987224e-02 7.548203015666729576e-02
6.329975015290188745e-02 4.808969577140037588e-02 4.808969577140037588e-02 6.218963892922790143e-02 7.585982782512624978e-02
3.152383302989773123e-02 4.425165462338373490e-02 3.152383302989773123e-02 5.751141938390689351e-02 7.760190428169007337e-02
6.408752829628090730e-02 5.795008498706915451e-02 4.074293196965362435e-02 5.543775978396009441e-02 7.404296247428061861e-02
3.106722403164787968e-02 3.106722403164787968e-02 3.106722403164787968e-02 5.839271637100262868e-02 7.138732307938255861e-02
4.396893969266764401e-02 4.396893969266764401e-02 4.396893969266764401e-02 5.456140813761357899e-02 7.071730983592186548e-02
6.118771822365922514e-02 4.100571518986319969e-02 4.100571518986319969e-02 5.446173118258358647e-02 8.023735880558587052e-02
4.163464861553887314e-02 3.144148268251435729e-02 3.144148268251435729e-02 5.221832209034776157e-02 5.616238384729351635e-02
4.695728391165882032e-02 4.695728391165882032e-02 4.695728391165882032e-02 5.516522874864895204e-02 7.820386563375324174e-02
3.857252774393483269e-02 3.857252774393483269e-02 3.857252774393483269e-02 6.669164818110291659e-02 8.119554324067092266e-02
3.045255997079786628e-02 3.045255997079786628e-02 3.045255997079786628e-02 4.237798958102965974e-02 5.868114292577174262e-02
3.008536115471522471e-02 2.362015380863760269e-02 2.362015380863760269e-02 3.816577660747971085e-02 5.873758122387016251e-02
5.318809400301427459e-02 5.287987964411043629e-02 5.287987964411043629e-02 5.699597725036027046e-02 7.112416370045641922e-02
3.723542916127132313e-02 3.723542916127132313e-02 3.723542916127132313e-02 5.798408667948387607e-02 7.600450930562237251e-02
4.277826362399259758e-02 4.277826362399259758e-02 4.277826362399259758e-02 4.043226779187975711e-02 7.183177689129213728e-02
4.539076350064853715e-02 4.539076350064853715e-02 6.290915367382651779e-02 7.043983392226853268e-02 1.040205820150379157e-01
3.859466621166202094e-02 3.442867051020759989e-02 3.442867051020759989e-02 4.676351189569676048e-02 7.182374645888407738e-02
2.036522568016673612e-02 2.036522568016673612e-02 2.036522568016673612e-02 3.907013720228215414e-02 5.824713309254173771e-02
3.362612032888245839e-02 3.362612032888245839e-02 3.362612032888245839e-02 4.571569496160445695e-02 7.081823925549469989e-02
5.748632085250430374e-02 4.293177201777638452e-02 4.293177201777638452e-02 4.734510257360043800e-02 6.577175125385270604e-02
3.852022944763473095e-02 3.852022944763473095e-02 3.852022944763473095e-02 5.211017177836849146e-02 7.913504497215821665e-02
3.251927354458471198e-02 3.251927354458471198e-02 3.414081492627850378e-02 3.525198979148551348e-02 6.341659925224310546e-02
4.714042617268736357e-02 3.993900630435810034e-02 3.993900630435810034e-02 4.714042617268736357e-02 7.415011071204731519e-02
5.987994927602085377e-02 5.070344018075120807e-02 4.606613994152973512e-02 5.714498540819851202e-02 6.553809062258200702e-02
5.566587301477519956e-02 3.220527157957284170e-02 3.220527157957284170e-02 4.598751956125489426e-02 4.333592917004105982e-02
5.320219831786095199e-02 3.774896530842151293e-02 3.774896530842151293e-02 3.008074057425046827e-02 4.336581683021757672e-02
3.810480384483375810e-02 5.136500210075887335e-02 5.136500210075887335e-02 3.810480384483375810e-02 5.554185911830978456e-02
4.557221564671308511e-02 3.942837490784904114e-02 4.716656087117061802e-02 4.716656087117061802e-02 5.243831909474149650e-02
5.272481738130833928e-02 5.272481738130833928e-02 6.033068202368691013e-02 6.439443990847451560e-02 7.527413612056241266e-02
5.813593206713019157e-02 3.254642193481335766e-02 4.778538711254665811e-02 4.778538711254665811e-02 5.813593206713019157e-02
5.270383703957482596e-02 5.270383703957482596e-02 5.281265380639848378e-02 8.889928445291611636e-02 7.375494659071848980e-02
5.029891809832945371e-02 5.145328501797050841e-02 4.825671314298959208e-02 7.166413711759170302e-02 5.081668923171053093e-02
5.832436983213041409e-02 5.832436983213041409e-02 5.832436983213041409e-02 8.060999542725004463e-02 8.266025665946831469e-02
8.311964162558134472e-02 6.247762426660244395e-02 6.247762426660244395e-02 1.038752162709266763e-01 9.218589960831223562e-02
5.638145915472327768e-02 5.638145915472327768e-02 5.638145915472327768e-02 1.120539853967718047e-01 9.443699601224504747e-02
4.965518522555035369e-02 6.511307164629241695e-02 6.609013424486361032e-02 1.053019684635702613e-01 9.416530185561824973e-02
5.199895433900499769e-02 5.199895433900499769e-02 5.143459471023486412e-02 9.768489121970397315e-02 8.879394940422465077e-02
8.316033731446105526e-02 7.389174181605571989e-02 6.483392657740087717e-02 1.195915461721467205e-01 8.740709749403975659e-02
6.756482040002864675e-02 9.692311760854882552e-02 8.236547634642388260e-02 1.220072266686388907e-01 9.541179143666195239e-02
8.845035024859813910e-02 8.318254102312713782e-02 8.318254102312713782e-02 1.242414520400797057e-01 1.023330083690838638e-01
4.937506861476258224e-02 5.404852656221020846e-02 5.404852656221020846e-02 1.215290293236988006e-01 9.990106642752916155e-02
7.458619432455920739e-02 6.356914007005147471e-02 6.356914007005147471e-02 1.554221584469881734e-01 1.206889799633220350e-01
6.340240965462561051e-02 5.985300620709851915e-02 5.985300620709851915e-02 1.446637372431161805e-01 1.400876402791605413e-01
5.495979514273058308e-02 5.740465712002829068e-02 5.409400741411751756e-02 1.531033396381309697e-01 1.326267292208986592e-01
7.039708436191489949e-02 6.516274632885009355e-02 6.516274632885009355e-02 1.429957522499319955e-01 1.351217779044704415e-01
6.564229723078088274e-02 6.564229723078088274e-02 6.564229723078088274e-02 1.248080167718722128e-01 1.044588170005926742e-01
6.188978545371376372e-02 5.699380975522294612e-02 5.699380975522294612e-02 1.201274850021062796e-01 9.147113813204701960e-02
6.701594603937682804e-02 6.565429494486525741e-02 6.565429494486525741e-02 1.430177839439639442e-01 1.122561220919841979e-01
5.473093880341878964e-02 5.473093880341878964e-02 5.473093880341878964e-02 1.071088333603976150e-01 1.044949898735759303e-01
1.046469020599373190e-01 1.090872140482704866e-01 1.090872140482704866e-01 1.448635733755251898e-01 1.551877123130346314e-01
8.115701596032268150e-02 8.539466864247155509e-02 8.115701596032268150e-02 1.560318458862898772e-01 1.342448768189508368e-01
8.427837262985489464e-02 6.216618429280332953e-02 7.018653618167176866e-02 1.153774913332361596e-01 1.261781414894881381e-01
9.680889206746735864e-02 8.494433394041271679e-02 9.663580937539294202e-02 1.782814706300314411e-01 1.663204954267858415e-01
7.302812986754389502e-02 7.302812986754389502e-02 7.302812986754389502e-02 1.761703489424715496e-01 1.561466924842835613e-01
8.528767876810001980e-02 8.528767876810001980e-02 9.368880896046216655e-02 1.799389312021596465e-01 1.643244483573320369e-01
6.803914603802735384e-02 6.803914603802735384e-02 6.803914603802735384e-02 1.363761278063364002e-01 1.354745901733210856e-01
5.149566822467180338e-02 5.149566822467180338e-02 4.787763375137627647e-02 1.309248168344128715e-01 1.521802830011190766e-01
3.991530567421205239e-02 3.991530567421205239e-02 4.808426558846091298e-02 1.041307419670563644e-01 1.217365075768744448e-01
3.788289566301703687e-02 4.987968896664841945e-02 4.987968896664841945e-02 1.048769874108870792e-01 1.208996622810830229e-01
6.425291472125123360e-02 6.362776065990236041e-02 5.835746027907288275e-02 1.095245321467017141e-01 1.291184380006998866e-01
8.967408739267082596e-02 8.288925545895919900e-02 8.288925545895919900e-02 1.128919739685114165e-01 1.278499438654975007e-01
9.146026326516956684e-02 9.146026326516956684e-02 8.912791871342327921e-02 1.332116507157588836e-01 1.202190985137639445e-01
9.760905511551934421e-02 9.459694090397867405e-02 9.882416852201846014e-02 1.053556669819261243e-01 1.260388513164016067e-01
7.036119779383281925e-02 7.036119779383281925e-02 7.756955538616579215e-02 9.411377370593260183e-02 1.094204219869114175e-01
6.837319191163279686e-02 6.837319191163279686e-02 6.837319191163279686e-02 8.326894774126826493e-02 7.814570137900346547e-02
6.810292881166764289e-02 6.810292881166764289e-02 6.473577255030538158e-02 7.981557260141552979e-02 8.803277678279228247e-02
4.405178905717772181e-02 4.405178905717772181e-02 5.734840836653341128e-02 8.130960547590233845e-02 9.463171527125803506e-02
6.785614088504338115e-02 6.785614088504338115e-02 6.785614088504338115e-02 7.995882615433679008e-02 1.073652763521891207e-01
7.560157564913884409e-02 7.332874282847758052e-02 7.332874282847758052e-02 7.560157564913884409e-02 9.733194680566117918e-02
6.611173653653774906e-02 6.611173653653774906e-02 6.611173653653774906e-02 5.840343102498545685e-02 8.234262108304411798e-02
7.037001841985664197e-02 7.032173365236922546e-02 7.032173365236922546e-02 8.500610818034851079e-02 1.128188179001798769e-01
6.652698817930387254e-02 6.413741684616269811e-02 7.078722477176510597e-02 7.682705066326571408e-02 1.172201756822929819e-01
7.250261376572141037e-02 7.250261376572141037e-02 7.549232842952821598e-02 7.984237415503935009e-02 1.151261956702536726e-01
6.921144446583692156e-02 6.823695596741494174e-02 6.921144446583692156e-02 6.550111355282277337e-02 7.949469228591907188e-02
4.537923016490164052e-02 4.999707988694591237e-02 4.537923016490164052e-02 5.641998439298073070e-02 8.678061825116654970e-02
5.964254526031984027e-02 6.650610084757800633e-02 6.650610084757800633e-02 7.256725698518998180e-02 9.208360048061606240e-02
6.903793394332768951e-02 6.040980584193667707e-02 6.369429994912456650e-02 6.451215906365127817e-02 9.239694827416009004e-02
6.470592689000953524e-02 6.470592689000953524e-02 6.470592689000953524e-02 7.085175107779503878e-02 8.805102982958852575e-02
5.591093276132731021e-02 5.591093276132731021e-02 5.591093276132731021e-02 5.366075016961189409e-02 7.935862595458027802e-02
6.010035786590348789e-02 6.010035786590348789e-02 6.010035786590348789e-02 6.469334067760294793e-02 7.934852764026013860e-02
5.795086049635082837e-02 5.795086049635082837e-02 5.795086049635082837e-02 7.752910753493653939e-02 9.447663470058778601e-02
5.263689458612474947e-02 5.263689458612474947e-02 5.263689458612474947e-02 6.471153193598692954e-02 8.301221685155840690e-02
6.269437293640250930e-02 5.279482646274519936e-02 5.279482646274519936e-02 5.683803022602840899e-02 7.254697936362976274e-02
6.803120352564374917e-02 6.803120352564374917e-02 6.803120352564374917e-02 6.835607768544095519e-02 8.032048717206519139e-02
4.359219123659921480e-02 4.074221076304019445e-02 4.074221076304019445e-02 5.558159745258119816e-02 6.553988984700279130e-02
5.640175879220370864e-02 3.967599996209641294e-02 3.967599996209641294e-02 5.225754920482781479e-02 6.929417957133113259e-02
4.890774561383626901e-02 5.241164573133209881e-02 5.241164573133209881e-02 5.677758988453537187e-02 7.898530614514850945e-02
5.953313500629529853e-02 5.953313500629529853e-02 5.788078925688072002e-02 7.089978933785337500e-02 8.536374732057688819e-02
5.401306265864447981e-02 5.497044353069980432e-02 5.401306265864447981e-02 6.541551418628034631e-02 7.801139877964993752e-02
6.467032406221960572e-02 6.467032406221960572e-02 6.467032406221960572e-02 7.109306709557763893e-02 7.324392894146822264e-02
5.253181371670339467e-02 5.253181371670339467e-02 5.845971448048427332e-02 7.126063348246047813e-02 7.147001288085060022e-02
5.583781980630993930e-02 5.583781980630993930e-02 5.583781980630993930e-02 7.746716935555027217e-02 8.480731749841678713e-02
4.361926036175278049e-02 4.361926036175278049e-02 4.877495317049211632e-02 6.341791640833019383e-02 6.502815967789052354e-02
5.154397879587716003e-02 5.154397879587716003e-02 5.154397879587716003e-02 7.990851626828435195e-02 8.720178284946003555e-02
