3.776422419258692043e-01
1.570805748807741764e-01
1.470643157482766361e-01
2.632564646923047924e-01
2.301427242819200636e-01
1.430721187348246715e-01
1.176585343349204060e-01
1.049540483698759297e-01
1.661211013549609705e-01
6.809502396862721074e-02
7.503186231212014001e-02
4.474983328866095900e-02
4.650618114423818450e-02
1.139197835999046921e-01
9.374467062412229768e-02
7.361379211008726997e-02
6.215128297761028653e-02
1.198601697911555602e-01
7.514074564544580281e-02
6.673870712905330405e-02
6.203072840611786182e-02
7.794446867285181879e-02
7.948681505811043546e-02
1.054306767056743810e-01
8.614400321791380877e-02
7.502922000505465872e-02
5.438694173326791975e-02
7.727037443180330423e-02
6.493352526454493345e-02
8.559418468592031037e-02
6.635130181056740628e-02
6.933619294275013278e-02
6.373622041722569465e-02
1.072195808999575062e-01
1.129586786875060311e-01
7.265601455313745738e-02
7.726759140356596889e-02
8.352202005248744732e-02
8.549407744616147053e-02
8.534127038709882207e-02
7.878096313673854656e-02
9.195471147295862513e-02
8.349112834186082910e-02
1.007580716115040464e-01
7.169793032612445383e-02
7.011694332226731108e-02
6.604516885211630939e-02
8.340198320255813591e-02
7.744346721250437715e-02
6.632487910007986431e-02
8.340272542319850102e-02
8.822950397091430808e-02
8.300301034271273526e-02
8.588797450147049595e-02
7.924578566409766489e-02
7.278928219129227051e-02
9.796514463253563898e-02
8.636267180453259529e-02
6.357735543617694385e-02
6.404251070922897804e-02
6.742915971853946644e-02
6.591056669081639396e-02
7.404922387378284898e-02
9.524204004345704355e-02
7.432131531152633142e-02
6.513070732486837822e-02
8.614096652857156089e-02
6.414332495375979493e-02
6.970455669476642580e-02
5.393062942924327363e-02
6.743462907491838687e-02
7.328124553322358514e-02
6.371990501017291142e-02
5.687226798318052029e-02
7.119055360743983818e-02
5.615574007001209594e-02
8.406731259663405287e-02
8.843338077287044019e-02
7.002686400131449829e-02
6.974715160010978854e-02
6.963921557033833643e-02
6.388120430539874495e-02
4.664591435436589439e-02
5.586721448612279317e-02
6.510550047853191913e-02
7.007584079360644480e-02
5.859877546828850398e-02
4.585738743315112553e-02
7.222089230218173284e-02
6.866917428940812196e-02
5.088682273485134466e-02
1.106859692951533275e-01
4.293550451415380914e-02
5.787247019396014186e-02
7.916789475365466899e-02
4.918948790810612898e-02
6.732134793182933952e-02
4.951485445821196540e-02
4.633893253676582558e-02
3.948015658108944281e-02
4.044537468128239777e-02
5.167257428577244627e-02
3.978899584263347056e-02
2.860141250461468998e-02
3.428421376247237085e-02
3.273672240520072996e-02
4.617635543560591471e-02
3.184985790134430700e-02
3.553134141304858939e-02
4.114232394984210922e-02
3.230806372152690564e-02
4.175093102447935411e-02
3.530851015739719378e-02
3.421213270180507166e-02
2.964214072613249526e-02
2.766671478180036253e-02
4.312031997984770021e-02
4.642493467734071927e-02
4.930370242309873446e-02
5.372132733037403296e-02
5.094218213133909490e-02
6.332572845992742727e-02
6.262427910342634185e-02
3.418555264909715896e-02
4.019720955294281417e-02
6.345887455206142280e-02
5.719783860177634488e-02
4.205210372559860937e-02
4.863909879382974366e-02
5.310122383600317936e-02
5.542044334881868206e-02
8.852741676473001309e-02
7.020039108477491019e-02
6.749540479814424010e-02
6.159969225969567919e-02
5.120337977651679556e-02
6.363133125541026169e-02
7.298488591530837011e-02
7.430909716918412955e-02
4.318204099015106323e-02
5.345008535424827789e-02
4.695515331118933766e-02
4.592498269570258890e-02
4.214192349482292349e-02
4.980931112430806579e-02
3.883862853892069977e-02
1.324440081096956989e-01
7.333838608154726046e-02
5.891972129607053743e-02
5.346146408761068280e-02
1.087104236120958051e-01
6.036661186046173022e-02
6.212495964661350623e-02
7.458929389854034031e-02
4.694205939938207034e-02
4.647955711240231436e-02
6.066535753595024560e-02
7.071673433033247302e-02
7.927100866531347489e-02
7.645158647504968208e-02
6.538993528871420158e-02
6.933500060732823711e-02
7.060937127786513778e-02
6.948398713747747091e-02
8.360600801901729717e-02
6.823589017999276418e-02
6.018156493541360064e-02
7.245244705559582277e-02
6.548213646422017253e-02
7.129975087511045140e-02
7.769589578581970191e-02
7.599516688333103620e-02
7.007824467127914125e-02
6.501991571032153527e-02
5.537757501878574212e-02
5.970853843817854056e-02
6.221313679748440018e-02
7.368637017412195400e-02
7.289041127823941979e-02
4.125076770701605750e-02
4.776595875797282759e-02
6.230031148888277859e-02
4.213305410763145548e-02
4.505432542328717538e-02
5.775169648263753924e-02
5.461497584239787678e-02
5.127236630519297483e-02
5.179422424409461240e-02
4.287701969240508698e-02
4.974031952983531263e-02
4.703016535554987998e-02
