2.838339472903144145e-01 2.838339472903144145e-01 2.838339472903144145e-01 2.838339472903144145e-01 2.838339472903144145e-01
2.328387560144511426e-01 2.112002767651187385e-01 2.112002767651187385e-01 2.112002767651187385e-01 2.112002767651187385e-01
1.928171568777548583e-01 2.022057350720488644e-01 2.022057350720488644e-01 2.022057350720488644e-01 2.022057350720488644e-01
3.083552311954266267e-01 2.659387948950331371e-01 2.659387948950331371e-01 2.659387948950331371e-01 2.659387948950331371e-01
2.044844738705159370e-01 2.044844738705159370e-01 2.044844738705159370e-01 2.044844738705159370e-01 2.044844738705159370e-01
1.718690913193959557e-01 1.751102037793719757e-01 1.751102037793719757e-01 1.751102037793719757e-01 1.751102037793719757e-01
1.375251110460086745e-01 1.401579749720233137e-01 1.959627964843232983e-01 1.959627964843232983e-01 1.959627964843232983e-01
1.357089975133355664e-01 1.357089975133355664e-01 1.007497206936853462e-01 1.007497206936853462e-01 1.007497206936853462e-01
1.626088715956031938e-01 1.626088715956031938e-01 1.482863911355772890e-01 1.482863911355772890e-01 1.482863911355772890e-01
9.968557633994604150e-02 8.169604148658776710e-02 7.776918103739378918e-02 7.776918103739378918e-02 7.776918103739378918e-02
9.401620851329529904e-02 9.401620851329529904e-02 9.401620851329529904e-02 9.401620851329529904e-02 9.401620851329529904e-02
5.726896027295873964e-02 5.800261492003697811e-02 5.800261492003697811e-02 5.800261492003697811e-02 5.800261492003697811e-02
5.579584219115876070e-02 5.003588732047487692e-02 4.924509775144528256e-02 4.924509775144528256e-02 4.924509775144528256e-02
8.076972411065297397e-02 8.076972411065297397e-02 8.076972411065297397e-02 8.076972411065297397e-02 8.076972411065297397e-02
1.120272697267754164e-01 1.120272697267754164e-01 1.120272697267754164e-01 1.120272697267754164e-01 1.120272697267754164e-01
6.218086035068831618e-02 6.335428765502307269e-02 6.680094578781202441e-02 6.680094578781202441e-02 6.680094578781202441e-02
6.517239917377416758e-02 6.459038839343529681e-02 6.459038839343529681e-02 6.818043688999989027e-02 6.818043688999989027e-02
1.172135818816597702e-01 1.154489027197371925e-01 1.154489027197371925e-01 1.149609410640180379e-01 1.149609410640180379e-01
7.435644623029680211e-02 6.646742805924626962e-02 7.772480974850277946e-02 8.063630325288226319e-02 8.063630325288226319e-02
1.002924962248043367e-01 8.661315569117965241e-02 8.661315682828538143e-02 8.661315569117965241e-02 8.661315569117965241e-02
6.159718200688359124e-02 6.626819050579045578e-02 6.886765819607720829e-02 6.159718200688359124e-02 6.159718200688359124e-02
6.631433833350929008e-02 6.631433833350929008e-02 6.777559736036903315e-02 6.915549376186590214e-02 6.915549376186590214e-02
6.343653852531827564e-02 6.343653852531827564e-02 6.343653852531827564e-02 6.301420877142767385e-02 6.301420877142767385e-02
1.088233615501330992e-01 9.150222320880710414e-02 9.636044434864796115e-02 9.636044434864796115e-02 9.636044434864796115e-02
6.939146480534945371e-02 7.699376216364518799e-02 7.699376216364518799e-02 6.773633814014599908e-02 6.773633814014599908e-02
5.992203618784115726e-02 6.625281952864905954e-02 6.625281952864905954e-02 6.625281952864905954e-02 6.625281952864905954e-02
5.237681598752581824e-02 5.237681598752581824e-02 5.739753604727722280e-02 5.576316522581153956e-02 5.576316522581153956e-02
7.261104252696326533e-02 7.110816590488593103e-02 7.603433040668827747e-02 6.737530754530453303e-02 6.737530754530453303e-02
7.948827664514936109e-02 7.948827664514936109e-02 7.948827664514936109e-02 7.014741657963871613e-02 7.014741657963871613e-02
8.038587932484553278e-02 8.187612934580099089e-02 7.525440126008967057e-02 7.525440126008967057e-02 7.525440126008967057e-02
5.803313139536117604e-02 5.158466338942008234e-02 5.803313139536117604e-02 5.803313139536117604e-02 5.803313139536117604e-02
5.974151779657691647e-02 5.974151779657691647e-02 5.433541099184363565e-02 5.433541099184363565e-02 5.433541099184363565e-02
6.571758450266583507e-02 6.571758450266583507e-02 6.571758450266583507e-02 6.571758450266583507e-02 6.571758450266583507e-02
1.334508526332511269e-01 1.334508526332511269e-01 1.334508526332511269e-01 1.334508526332511269e-01 1.334508526332511269e-01
1.156979004042820447e-01 1.246763390530854915e-01 1.246763390530854915e-01 1.246763390530854915e-01 1.246763390530854915e-01
7.956652468812243362e-02 8.451925555336470275e-02 8.451925555336470275e-02 8.451925555336470275e-02 8.451925555336470275e-02
8.188718773465902823e-02 7.885037949273390745e-02 9.177915850774132078e-02 9.177915850774132078e-02 9.177915850774132078e-02
9.490499310313213477e-02 9.490499310313213477e-02 9.793029257625621153e-02 1.203969851377165445e-01 1.203969851377165445e-01
6.899717170689076418e-02 6.899717170689076418e-02 7.289131201240918456e-02 7.289131201240918456e-02 7.289131201240918456e-02
6.753727144380101965e-02 7.756119221466857561e-02 8.444592521656289763e-02 9.321955223972204496e-02 9.321955223972204496e-02
7.991567156185015730e-02 7.245927152916908920e-02 7.121221068683084021e-02 7.954463373851353158e-02 7.954463373851353158e-02
1.003026323191982538e-01 9.838078098086983081e-02 9.735191601074379142e-02 1.135090782497331224e-01 1.135090782497331224e-01
1.132827150251397991e-01 1.132827150251397991e-01 1.048000415450125733e-01 1.417353398823232580e-01 1.417353398823232580e-01
8.537617574830644318e-02 8.514844243158783965e-02 8.537617574830644318e-02 9.311686480997344306e-02 9.311686480997344306e-02
8.970697243932292120e-02 8.970697243932292120e-02 8.970697243932292120e-02 8.938872444078940771e-02 8.938872444078940771e-02
6.806598351255165047e-02 7.708380102548063884e-02 7.708380102548063884e-02 8.215777770185428430e-02 8.215777770185428430e-02
6.123441913372714568e-02 5.917912037675664150e-02 5.917912037675664150e-02 7.265119665926543513e-02 7.265119665926543513e-02
6.680984744160874123e-02 6.811028576231016596e-02 7.276571087293895457e-02 8.457490223134014884e-02 8.457490223134014884e-02
7.155853813122284302e-02 7.810568905933798489e-02 7.810568905933798489e-02 7.558526151239877700e-02 7.558526151239877700e-02
9.062304904980883480e-02 9.062304904980883480e-02 9.367878317309169534e-02 1.034764721574573526e-01 1.034764721574573526e-01
7.106731509924207879e-02 7.106731509924207879e-02 7.106731509924207879e-02 8.441625647747151573e-02 8.441625647747151573e-02
7.520531697610413624e-02 7.433919452609749623e-02 7.433919452609749623e-02 7.074672354078689884e-02 7.074672354078689884e-02
8.422413085361360463e-02 7.713922867642128423e-02 7.713922867642128423e-02 9.487257286607696238e-02 9.487257286607696238e-02
7.343544562782479412e-02 7.914784730506099764e-02 7.914784730506099764e-02 8.329182780412930365e-02 8.329182780412930365e-02
6.526545569500115385e-02 6.534849826743689694e-02 6.534849826743689694e-02 7.575969290696255021e-02 7.575969290696255021e-02
5.600545341776754643e-02 5.600545341776754643e-02 5.902753212975292429e-02 5.356708644520657980e-02 5.356708644520657980e-02
6.823568468298102374e-02 7.190043390332125084e-02 7.190043390332125084e-02 7.168144906471890510e-02 7.168144906471890510e-02
7.307349684409096546e-02 7.307349684409096546e-02 7.307349684409096546e-02 7.154072570272740350e-02 7.154072570272740350e-02
7.322943103725061686e-02 7.070805475161284770e-02 7.070805475161284770e-02 6.225956020596383478e-02 6.225956020596383478e-02
5.555932502801613770e-02 5.555932502801613770e-02 5.660625608075705445e-02 5.717731637945690920e-02 5.717731637945690920e-02
8.669286836963206733e-02 8.669286836963206733e-02 7.704564375877337445e-02 9.005584959397675004e-02 9.005584959397675004e-02
6.554155234491292059e-02 6.554155234491292059e-02 6.554155234491292059e-02 7.033357407470015865e-02 7.033357407470015865e-02
6.683722360295506204e-02 6.683722360295506204e-02 6.683722360295506204e-02 7.392195615846304524e-02 7.392195615846304524e-02
7.911684111558632548e-02 7.911684111558632548e-02 7.911684111558632548e-02 8.840598598801817365e-02 8.840598598801817365e-02
7.027551600890329098e-02 7.358913400964663121e-02 7.358913400964663121e-02 7.808225180094123530e-02 7.902218576348404855e-02
6.173205466012662845e-02 6.860129047095961385e-02 6.860129047095961385e-02 8.701476708093305867e-02 8.701476708093305867e-02
4.659397784449342134e-02 4.659397784449342134e-02 5.719327631759429237e-02 7.297194142701704522e-02 7.395675786913503968e-02
6.444931508444842749e-02 6.444931508444842749e-02 7.603014814840824975e-02 7.905443932433331433e-02 7.994412044430566910e-02
8.248222566317478521e-02 8.248222566317478521e-02 9.773875267533158051e-02 9.490537725006535641e-02 9.713881513838742987e-02
8.323324885771180015e-02 8.323324885771180015e-02 8.640719370527483179e-02 1.242568856193072141e-01 1.334108139183805830e-01
6.481481740086776633e-02 5.827882567408740333e-02 6.149404113406873457e-02 8.089562146012384269e-02 8.263317702532448072e-02
6.783582186150390048e-02 6.783582186150390048e-02 7.599321165856504079e-02 8.621124518076915544e-02 8.996570698998443416e-02
6.843740077611160100e-02 6.843740077611160100e-02 8.742860649608691359e-02 1.256117635607289784e-01 1.274523758900857617e-01
6.278333387256207487e-02 6.278333387256207487e-02 7.857929493567145096e-02 1.144918925549726352e-01 1.159397971245251929e-01
8.625083182106964286e-02 6.671114981757600426e-02 7.883573804937707430e-02 1.146689711640884873e-01 1.161724930101970671e-01
7.578912118448218049e-02 7.578912118448218049e-02 9.140109553151598565e-02 1.406992633206388121e-01 1.428714716305461430e-01
6.337820157224201278e-02 6.337820157224201278e-02 9.023867892626835641e-02 1.155586019467508968e-01 1.158681063011635509e-01
6.027051236768971032e-02 5.043529897444059412e-02 7.234819927284918961e-02 1.271621735047783475e-01 1.321590818922776245e-01
6.300209390375337282e-02 6.300209390375337282e-02 6.727172739285600112e-02 9.049533684631087815e-02 9.762998884582876902e-02
6.513865361563916934e-02 6.513865361563916934e-02 7.125101381331218342e-02 1.056523681969053496e-01 1.203004752322094778e-01
7.509624963980744694e-02 7.651239695232450733e-02 7.509624963980744694e-02 1.111601646865399973e-01 1.106238180616462008e-01
5.907895652628773059e-02 5.907895652628773059e-02 5.907895652628773059e-02 9.668962740852830862e-02 1.039921744516709851e-01
3.732302280206600126e-02 3.850968381851709726e-02 3.850968381851709726e-02 7.776193414476287313e-02 8.202488958063199054e-02
5.964891714052841104e-02 5.964891714052841104e-02 5.964891714052841104e-02 8.570929427410800550e-02 8.522536259317291252e-02
8.960957549228572294e-02 5.891765975213693329e-02 5.891765975213693329e-02 8.991530411863764283e-02 9.642496977217276943e-02
5.115462549237864004e-02 5.115462549237864004e-02 5.115462549237864004e-02 9.399009429312207842e-02 1.009551827488315012e-01
9.059422129039303162e-02 7.607047400581208596e-02 7.607047400581208596e-02 9.843967657223330614e-02 1.170160648805698422e-01
5.898339074996867409e-02 5.424229427414457849e-02 5.424229427414457849e-02 8.613483447695244322e-02 9.540249853000891400e-02
7.791332711140537548e-02 6.861824945560222877e-02 6.861824945560222877e-02 8.559803715075819941e-02 8.651044804578690572e-02
7.936308415179782472e-02 7.885383794008296587e-02 8.863088127562979146e-02 1.146583235124784828e-01 1.274374629052636432e-01
8.315030124926207911e-02 8.315030124926207911e-02 8.315030124926207911e-02 7.610009592594731143e-02 7.436665717235584061e-02
6.485972485540038301e-02 6.485972485540038301e-02 6.485972485540038301e-02 6.258788892954561534e-02 7.847434703687949931e-02
6.344039504641640903e-02 6.344039504641640903e-02 6.344039504641640903e-02 8.660512794643812629e-02 9.443688170266094362e-02
4.208265895037330978e-02 4.208265895037330978e-02 4.208265895037330978e-02 7.863009192230413502e-02 9.836978319509710744e-02
1.082187601660101750e-01 9.031018883945381159e-02 9.031018883945381159e-02 1.189615435757805373e-01 1.240598426504852247e-01
4.037717768724683604e-02 4.037717768724683604e-02 4.037717768724683604e-02 6.989368374306217935e-02 8.465918392088031541e-02
6.401939915627556654e-02 6.314310226911706847e-02 6.314310226911706847e-02 8.759352381322063619e-02 9.996533921624814467e-02
4.742471544963879071e-02 4.742471544963879071e-02 4.742471544963879071e-02 5.870436645567815581e-02 7.551443153039927303e-02
4.335493720955536923e-02 4.335493720955536923e-02 4.335493720955536923e-02 6.067890593732500754e-02 7.654603677473559298e-02
3.546552669180040585e-02 3.546552669180040585e-02 3.546552669180040585e-02 6.229443510786678018e-02 8.139328174796314763e-02
4.036024826255115577e-02 4.036024826255115577e-02 4.036024826255115577e-02 5.829955450120419963e-02 7.854738314548022349e-02
3.427075978724401784e-02 2.609118534986168067e-02 2.609118534986168067e-02 4.233483810148351567e-02 4.784648861972077422e-02
3.841379612268729787e-02 3.841379612268729787e-02 3.841379612268729787e-02 6.250068298894652374e-02 8.287035855457054734e-02
2.884521032281887193e-02 2.884521032281887193e-02 2.884521032281887193e-02 7.271939160868731711e-02 1.022671371361856818e-01
3.028671906632513650e-02 2.612314894991191530e-02 2.612314894991191530e-02 5.433330308304034489e-02 6.738178223642270204e-02
3.980910085430178907e-02 3.980910085430178907e-02 3.980910085430178907e-02 5.723386159833785541e-02 8.898682262760519712e-02
4.486516331885773839e-02 4.486516331885773839e-02 4.486516331885773839e-02 9.724939957492860498e-02 1.206851413999514566e-01
3.031292682679221501e-02 3.031292682679221501e-02 3.031292682679221501e-02 4.143778089647471435e-02 6.147346301166829730e-02
2.656009125076631144e-02 3.066780577125156199e-02 3.066780577125156199e-02 4.610378862957845852e-02 6.221467771374823708e-02
3.508484488998303563e-02 3.508484488998303563e-02 3.508484488998303563e-02 5.676410959359259184e-02 5.860280606680132176e-02
3.361645194389754204e-02 3.361645194389754204e-02 3.361645194389754204e-02 4.479877050724290904e-02 5.977713055137302139e-02
3.841033408763631918e-02 3.841033408763631918e-02 3.841033408763631918e-02 4.969879069044202263e-02 7.969507953631116415e-02
3.378501487150693816e-02 3.378501487150693816e-02 3.378501487150693816e-02 5.897248921277741668e-02 8.439253160982210233e-02
2.680737298782364872e-02 2.680737298782364872e-02 2.680737298782364872e-02 3.998170848385505793e-02 6.622275070539410113e-02
3.886056337047770481e-02 3.886056337047770481e-02 3.886056337047770481e-02 5.543507672076219278e-02 7.308221635377373793e-02
3.642114046738396949e-02 3.632297996501227672e-02 3.632297996501227672e-02 3.208914398250384964e-02 5.093181519877705565e-02
5.531900482873009645e-02 5.326624629041197545e-02 5.326624629041197545e-02 3.556297275984452583e-02 5.015485189627660878e-02
4.557128199358095877e-02 2.446164797914388706e-02 2.446164797914388706e-02 4.557128199358095877e-02 6.708698884815243735e-02
5.678171129787838722e-02 5.678171129787838722e-02 5.894378432419206115e-02 5.279631532321051035e-02 6.394990167181602292e-02
3.613607839005425482e-02 3.613607839005425482e-02 3.613607839005425482e-02 3.932860857651800102e-02 5.496952425439931983e-02
3.928089593133147345e-02 3.928089593133147345e-02 3.928089593133147345e-02 4.090502195393368179e-02 4.357419372619613512e-02
7.144471966641766092e-02 6.435451178059134469e-02 6.435451178059134469e-02 6.399023028878163266e-02 7.213967114588851204e-02
7.207224991220868848e-02 7.207224991220868848e-02 7.207224991220868848e-02 7.223069903431042493e-02 8.291672168585337288e-02
5.573696529024160795e-02 5.573696529024160795e-02 5.573696529024160795e-02 5.272573357341329980e-02 5.784551345756774876e-02
7.456683944692521493e-02 8.024300717350631162e-02 8.024300717350631162e-02 8.508959080757998172e-02 8.656311573359498635e-02
4.317731010162931260e-02 5.996921252901445121e-02 5.996921252901445121e-02 7.070495283174416112e-02 7.230752398831627459e-02
3.541170708988118643e-02 4.501005869601939352e-02 4.501005869601939352e-02 5.567010619464168170e-02 4.909145389547688726e-02
6.993557013027161540e-02 6.616537238935460419e-02 6.655309443116415313e-02 8.982019181590684964e-02 6.085608410229352561e-02
4.601151491356861301e-02 4.699609316767196232e-02 4.699609316767196232e-02 7.879466275463777036e-02 6.617075476712244719e-02
4.899967580300175485e-02 4.899967580300175485e-02 4.899967580300175485e-02 6.557166702250524781e-02 5.987109491275354606e-02
6.698870625334921169e-02 5.521813498994019437e-02 5.521813498994019437e-02 8.852704265787829374e-02 7.150984194405247962e-02
5.066453085313541577e-02 5.338042266554402643e-02 5.338042266554402643e-02 1.055804423751856014e-01 8.714241699259728247e-02
5.046318626205800045e-02 8.101719092110964970e-02 8.101719092110964970e-02 1.522626525145929777e-01 9.201469187502209213e-02
5.826210292150649922e-02 5.826210292150649922e-02 5.826210292150649922e-02 1.075407533271101890e-01 7.989839278532191724e-02
7.786525850582369512e-02 7.786525850582369512e-02 5.924612437828338796e-02 1.376033569721312189e-01 1.034325696371086872e-01
5.716315481165640255e-02 5.716315481165640255e-02 5.716315481165640255e-02 1.213907517786530499e-01 8.662297253807232922e-02
6.436322706214014921e-02 6.436322706214014921e-02 6.436322706214014921e-02 1.267413836672550975e-01 8.591961599576229680e-02
5.230789962690699652e-02 5.348441072799880319e-02 5.348441072799880319e-02 1.233661490968457342e-01 1.080326924595526872e-01
7.960252546979403043e-02 6.432572826995577864e-02 6.432572826995577864e-02 1.185159196920839431e-01 8.789054227305054257e-02
4.310740781974981700e-02 5.273876150392752676e-02 4.310740781974981700e-02 1.467419275422270075e-01 1.125857100520579190e-01
5.557116395131227876e-02 5.557116395131227876e-02 5.557116395131227876e-02 1.393680692666694476e-01 9.646831917629959674e-02
5.112840835217899449e-02 5.112840835217899449e-02 5.112840835217899449e-02 1.236009430400139414e-01 1.011584788335787577e-01
5.001096809547297961e-02 5.001096809547297961e-02 5.001096809547297961e-02 1.237592553228720471e-01 9.770167162562268248e-02
4.428849322564760299e-02 4.428849322564760299e-02 4.428849322564760299e-02 1.092941999609902404e-01 7.651138948032104592e-02
6.225596104179605822e-02 6.225596104179605822e-02 6.225596104179605822e-02 1.348508617537556298e-01 1.176481968747067480e-01
5.620959776335277686e-02 5.620959776335277686e-02 6.179549467681903774e-02 9.369654826278553394e-02 9.718217731922458580e-02
7.606961700010703153e-02 7.606961700010703153e-02 6.873782790238042173e-02 1.397851874859046550e-01 2.009603421270885482e-01
9.913940625802704354e-02 9.913940625802704354e-02 9.325827358331113814e-02 1.652969345556087599e-01 1.338300850012335563e-01
5.571447524572060300e-02 6.531215057180557448e-02 6.531215057180557448e-02 1.204928217624720854e-01 1.077486648430135974e-01
7.455521234287655619e-02 8.943775938617966326e-02 7.455521234287655619e-02 2.007927909419431334e-01 1.742029578414069080e-01
9.045122084827546260e-02 7.743771595333444335e-02 9.045122084827546260e-02 1.611629223292645463e-01 1.624192478266589801e-01
6.143140059709410739e-02 6.143140059709410739e-02 5.488042109067638175e-02 1.709838162487921365e-01 1.762242378446133295e-01
5.301784871423934065e-02 5.301784871423934065e-02 4.725929882890099465e-02 1.287467993624364926e-01 1.240493890890018852e-01
5.173602558507100352e-02 4.984324542000963948e-02 5.173602558507100352e-02 1.222918750454745768e-01 1.430421266084110354e-01
9.916597917006417240e-02 5.248523555182260658e-02 5.248523555182260658e-02 1.113986571989061813e-01 1.231884277448454940e-01
8.733860314937565150e-02 8.733860314937565150e-02 8.733860314937565150e-02 1.354301061724370869e-01 1.574182082753331768e-01
3.920781338126666515e-02 4.186518241863897843e-02 4.186518241863897843e-02 9.674778716082443886e-02 1.246280031077550560e-01
5.883298388045705291e-02 5.883298388045705291e-02 5.673048301986448327e-02 1.094011960478417783e-01 1.221055868783777476e-01
5.012525534134305849e-02 5.012525534134305849e-02 5.012525534134305849e-02 9.385140847764603111e-02 1.083821593757447049e-01
6.580244293038527148e-02 6.580244293038527148e-02 7.013946701723686172e-02 9.268764659314460141e-02 1.046465608312155821e-01
6.443163848061821131e-02 6.112303681578386272e-02 5.644323251091949017e-02 8.844158155770845409e-02 8.810089048655871113e-02
6.852703333434649602e-02 6.852703333434649602e-02 6.852703333434649602e-02 6.792862727754071794e-02 8.705044646141393838e-02
5.618530468764940111e-02 5.618530468764940111e-02 5.618530468764940111e-02 5.240384993421828841e-02 7.375040763297985302e-02
7.227100619573628704e-02 6.685101806380942813e-02 6.685101806380942813e-02 7.329232876982674783e-02 9.896932362574040187e-02
7.777338424073466927e-02 7.777338424073466927e-02 7.777338424073466927e-02 9.219790137644108541e-02 1.139005779031897481e-01
7.472797465818112328e-02 7.472797465818112328e-02 7.472797465818112328e-02 7.284269986366086191e-02 8.799949568762523155e-02
6.191437706234289434e-02 6.191437706234289434e-02 6.191437706234289434e-02 7.154013453527049982e-02 8.604344247095940812e-02
7.050827785988324214e-02 6.546093557656369744e-02 6.546093557656369744e-02 7.050827785988324214e-02 1.045913944652605287e-01
5.124165997371542269e-02 5.294722960905767772e-02 5.294722960905767772e-02 5.446325381105616981e-02 8.661972226405319220e-02
6.912941425133703466e-02 6.571412214733952928e-02 6.709743800315497164e-02 8.020942706012049173e-02 9.621085714323751592e-02
5.500183558355638269e-02 5.500183558355638269e-02 5.422024655387050474e-02 6.637639452745179580e-02 7.731891416557980234e-02
5.355833956064227214e-02 5.824568460850088059e-02 5.355833956064227214e-02 6.350895116766240578e-02 8.277653259978236255e-02
5.885166887546339209e-02 5.885166887546339209e-02 5.885166887546339209e-02 5.962913906952001936e-02 8.877636248699043164e-02
5.933947871707100780e-02 4.453425164247833828e-02 4.453425164247833828e-02 4.916066297222371900e-02 7.711551462868908302e-02
6.521986101939103442e-02 6.521986101939103442e-02 6.521986101939103442e-02 7.139771233350496182e-02 9.659286195680075182e-02
7.175974679971748593e-02 7.175974679971748593e-02 6.393334473528081152e-02 7.757767934784226549e-02 1.078660569291348126e-01
6.202832141099540175e-02 6.202832141099540175e-02 5.943382043688148070e-02 6.925583599586217221e-02 9.089848876836531533e-02
6.550020960538321946e-02 6.550020960538321946e-02 6.550020960538321946e-02 7.613475102831360197e-02 9.786361758994149840e-02
5.612719879125382949e-02 5.612719879125382949e-02 5.612719879125382949e-02 6.567083202235449169e-02 8.117948611206643461e-02
6.947076634225161917e-02 6.947076634225161917e-02 6.947076634225161917e-02 7.354083878345669956e-02 9.426109550817529659e-02
6.421696093561982122e-02 6.421696093561982122e-02 6.421696093561982122e-02 7.448922150607929782e-02 8.307389267229406404e-02
4.922505530894762810e-02 4.922505530894762810e-02 5.239126969487747920e-02 6.545718802829886274e-02 7.393525948559852290e-02
4.764957065077864151e-02 4.764957065077864151e-02 4.764957065077864151e-02 5.747101993563578926e-02 7.824893288853503048e-02
5.367382097483290593e-02 5.367382097483290593e-02 5.367382097483290593e-02 7.216684826613280201e-02 8.798415778217424932e-02
4.581249003845971890e-02 4.159097086773304308e-02 4.159097086773304308e-02 5.577989529984112016e-02 7.013729720257626254e-02
6.925153818967799690e-02 6.925153818967799690e-02 6.925153818967799690e-02 6.982630351658744572e-02 7.534125196280053172e-02
5.221870707649143434e-02 5.092502606786209612e-02 5.092502606786209612e-02 6.269332534111253519e-02 6.710973265091101092e-02
3.571672994907787446e-02 4.004247075085076019e-02 4.464828643384920887e-02 6.057504078517347151e-02 5.787446347167628236e-02
4.841505465973488381e-02 5.117068533615112130e-02 5.186905434765966966e-02 7.266541787490943261e-02 7.044492080784793553e-02
4.265553777371527272e-02 4.741525008783901984e-02 4.787778586002944953e-02 7.195430810742325933e-02 7.070063139669605090e-02
4.564849630006458797e-02 4.564849630006458797e-02 4.672078220654249381e-02 6.708176781905457464e-02 7.248270927081253145e-02
