2.608035059948078938e-01 2.608035059948078938e-01 2.608035059948078938e-01 2.608035059948078938e-01 2.608035059948078938e-01
1.719509798118917798e-01 1.719509798118917798e-01 1.719509798118917798e-01 1.719509798118917798e-01 1.719509798118917798e-01
2.148546047640467471e-01 2.148546047640467471e-01 2.148546047640467471e-01 2.148546047640467471e-01 2.148546047640467471e-01
2.943225198955194410e-01 2.875258467325099154e-01 2.875258467325099154e-01 2.875258467325099154e-01 2.875258467325099154e-01
2.048459539646820815e-01 2.298872641605363143e-01 2.322057630648044213e-01 2.322057630648044213e-01 2.322057630648044213e-01
1.446786745699667198e-01 1.342692874601680297e-01 1.342692874601680297e-01 1.342692874601680297e-01 1.342692874601680297e-01
1.201954057509710128e-01 1.157360426507487577e-01 1.735343872755267247e-01 1.735343872755267247e-01 1.735343872755267247e-01
8.940827849867161170e-02 9.752896587841011766e-02 8.940827849867161170e-02 8.940827849867161170e-02 8.940827849867161170e-02
1.862012174002597442e-01 1.919516124941703095e-01 1.625027627132021035e-01 1.625027627132021035e-01 1.625027627132021035e-01
6.423188927552396510e-02 6.423188927552396510e-02 5.983051459064069738e-02 5.983051459064069738e-02 5.983051459064069738e-02
9.408905887211528596e-02 9.104575713056589636e-02 9.104575713056589636e-02 9.104575713056589636e-02 9.104575713056589636e-02
5.719113092957035793e-02 5.283132596147356586e-02 5.719113092957035793e-02 5.719113092957035793e-02 5.719113092957035793e-02
5.674864825800372825e-02 5.674864825800372825e-02 5.520384729749099051e-02 5.520384729749099051e-02 5.520384729749099051e-02
1.049896329589524308e-01 9.766535844936685695e-02 1.000068007130491682e-01 1.000068007130491682e-01 1.000068007130491682e-01
1.139598564353356824e-01 1.232040084781643730e-01 1.139598564353356824e-01 1.139598564353356824e-01 1.139598564353356824e-01
8.394780584348096597e-02 8.885534786503784810e-02 8.394780584348096597e-02 8.394780584348096597e-02 8.394780584348096597e-02
8.286820881294487684e-02 8.263487291245502631e-02 8.925616317063367333e-02 9.168870775397026940e-02 9.168870775397026940e-02
1.094358680803080991e-01 8.743149162223301518e-02 8.743149162223301518e-02 8.686788637808642854e-02 8.686788637808642854e-02
7.827830158450103937e-02 7.827830158450103937e-02 8.200156671698544120e-02 7.827830158450103937e-02 7.827830158450103937e-02
1.005020239571818852e-01 9.850176862975096315e-02 9.099377346214582163e-02 9.850176862975096315e-02 9.850176862975096315e-02
6.786228866176315100e-02 7.445953231548978202e-02 7.141934768743556095e-02 7.445953231548978202e-02 7.445953231548978202e-02
7.127461682647433239e-02 7.248219767915607681e-02 7.919605499597208442e-02 7.127461682647433239e-02 7.127461682647433239e-02
1.030554364928163991e-01 1.030554364928163991e-01 1.030554364928163991e-01 1.030554364928163991e-01 1.030554364928163991e-01
1.198296820763793263e-01 9.417903109470357470e-02 9.417903109470357470e-02 9.417903109470357470e-02 9.417903109470357470e-02
8.199108215706922553e-02 9.031754090649311839e-02 9.031754090649311839e-02 9.031754090649311839e-02 9.031754090649311839e-02
5.050895496180898836e-02 5.050895496180898836e-02 5.554251399549514634e-02 5.554251399549514634e-02 5.554251399549514634e-02
5.631028319359614176e-02 5.479897695867764346e-02 5.631028319359614176e-02 5.631028319359614176e-02 5.631028319359614176e-02
7.553741356692030007e-02 7.719343923873936419e-02 7.553741356692030007e-02 7.553741356692030007e-02 7.553741356692030007e-02
7.551492926547880014e-02 6.160524271516431422e-02 6.460088256769876136e-02 6.460088256769876136e-02 6.460088256769876136e-02
8.879005096918975160e-02 8.879005096918975160e-02 8.879005096918975160e-02 8.879005096918975160e-02 8.879005096918975160e-02
6.890862276426543143e-02 6.497151643966445067e-02 7.109181114212653751e-02 7.109181114212653751e-02 7.109181114212653751e-02
1.095154360040404840e-01 8.135074352581231349e-02 8.763686208990584259e-02 8.763686208990584259e-02 8.763686208990584259e-02
7.313877649540888315e-02 7.313877649540888315e-02 8.094728719811532247e-02 8.094728719811532247e-02 8.094728719811532247e-02
2.224745281467314373e-01 2.224745281467314373e-01 2.263855930532803762e-01 2.263855930532803762e-01 2.263855930532803762e-01
8.120392688307129236e-02 8.120392688307129236e-02 8.120392688307129236e-02 8.120392688307129236e-02 8.120392688307129236e-02
6.825155459035124605e-02 6.825155459035124605e-02 7.563484423757178832e-02 7.563484423757178832e-02 7.563484423757178832e-02
7.438583748854037114e-02 6.630399866481111182e-02 8.074673704048727918e-02 8.074673704048727918e-02 8.074673704048727918e-02
9.330130531853328413e-02 8.124512524662211299e-02 8.124512524662211299e-02 8.898686711904932323e-02 8.898686711904932323e-02
1.050423271999013641e-01 9.404246559951456863e-02 9.404246559951456863e-02 9.913704661380311201e-02 9.913704661380311201e-02
9.298364258422288364e-02 9.178728467161215154e-02 1.067111415995516399e-01 1.293903958617106664e-01 1.293903958617106664e-01
5.790086749246180220e-02 7.107008038214039647e-02 7.107008038214039647e-02 8.163760728589578020e-02 8.163760728589578020e-02
9.734441926581734184e-02 9.734441926581734184e-02 9.734441926581734184e-02 9.285919765504596635e-02 9.285919765504596635e-02
7.738414616200041396e-02 8.097381144130688657e-02 8.097381144130688657e-02 9.210782247122632771e-02 9.210782247122632771e-02
9.439317158871556035e-02 1.025138601070338523e-01 1.025138601070338523e-01 1.262836520884408620e-01 1.262836520884408620e-01
7.414849239509033185e-02 6.739057953128016476e-02 7.414849239509033185e-02 7.904862384536506803e-02 7.904862384536506803e-02
7.927932452103941818e-02 7.610117335443872255e-02 7.927932452103941818e-02 9.899641446076849760e-02 9.899641446076849760e-02
6.406421758424689361e-02 5.384692280581036827e-02 6.064904321244112689e-02 6.828830822760052766e-02 6.828830822760052766e-02
7.060593166199341519e-02 7.060593166199341519e-02 7.060593166199341519e-02 8.832959653620245377e-02 8.832959653620245377e-02
9.490258445515832586e-02 8.352584298170903643e-02 9.490258445515832586e-02 8.646871869632748175e-02 8.646871869632748175e-02
8.553557388115190507e-02 8.863696083705960294e-02 7.670582858938362891e-02 8.471379717283003541e-02 8.471379717283003541e-02
7.715321284490850307e-02 7.715321284490850307e-02 7.977541078610918268e-02 8.168537563442786198e-02 8.168537563442786198e-02
6.196255235584402499e-02 6.196255235584402499e-02 6.196255235584402499e-02 7.681761186498983762e-02 7.681761186498983762e-02
9.072412662614708079e-02 9.072412662614708079e-02 8.781517312477087056e-02 9.259977744770248043e-02 9.259977744770248043e-02
9.241972805597237217e-02 9.241972805597237217e-02 9.241972805597237217e-02 1.119052429047484032e-01 1.119052429047484032e-01
7.374939363141419513e-02 7.374939363141419513e-02 7.054189638847650767e-02 6.351928686649171985e-02 6.351928686649171985e-02
6.521959816489818207e-02 6.521959816489818207e-02 7.003881947205857494e-02 6.931505125215232932e-02 6.931505125215232932e-02
1.033850003065951706e-01 9.410289257230573801e-02 9.611865562572419197e-02 1.116418028384302541e-01 1.116418028384302541e-01
8.486987302223379659e-02 8.486987302223379659e-02 8.621959133518583562e-02 8.152685051218389045e-02 8.152685051218389045e-02
7.041610286379006156e-02 7.230014796654112008e-02 7.230014796654112008e-02 7.091635684796888939e-02 7.091635684796888939e-02
6.130139356789954252e-02 6.130139356789954252e-02 6.130139356789954252e-02 6.436608909016969249e-02 6.436608909016969249e-02
5.779253325186833878e-02 6.882272586798347802e-02 6.446681737627808773e-02 7.242316254601931236e-02 7.242316254601931236e-02
6.526006249850685448e-02 6.526006249850685448e-02 7.121251644755716148e-02 7.270049889833558876e-02 7.270049889833558876e-02
7.850917156342093750e-02 7.850917156342093750e-02 7.446092272246421229e-02 8.037205791206628036e-02 8.037205791206628036e-02
7.512469464946476549e-02 7.512469464946476549e-02 7.559765826162827274e-02 8.655964615880383517e-02 8.655964615880383517e-02
6.434216996010430623e-02 6.434216996010430623e-02 6.434216996010430623e-02 6.360748106510449862e-02 6.390573954931699774e-02
6.678259619517851187e-02 6.678259619517851187e-02 6.678259619517851187e-02 8.017458778356736926e-02 7.881316809785779420e-02
6.789094935623100902e-02 6.615028844258019625e-02 6.615028844258019625e-02 7.941510162316300914e-02 7.965421272270499509e-02
5.502473202132301261e-02 5.775875849358135666e-02 6.099001614276435002e-02 7.433147804159767613e-02 7.590518310837791882e-02
6.981240984660483373e-02 7.567541031986196876e-02 6.981240984660483373e-02 8.162200342744249659e-02 8.259826379940356234e-02
7.317827637754345527e-02 8.417258875077238134e-02 8.417258875077238134e-02 1.134782256114255650e-01 1.111884090809613090e-01
5.545463167385693282e-02 5.818237412919007034e-02 5.311578694350272550e-02 7.882027556993659312e-02 8.082238359590830645e-02
6.955870939688561794e-02 6.955870939688561794e-02 8.142375452936269353e-02 9.245165265325436255e-02 9.250469705936954778e-02
6.393880013872033086e-02 6.393880013872033086e-02 7.753930717472631851e-02 1.077918805812120434e-01 1.103091421974472242e-01
5.878329392057113356e-02 5.878329392057113356e-02 6.787114266860154455e-02 9.338715175991753326e-02 9.960527668953031433e-02
5.743692441675678217e-02 5.743692441675678217e-02 7.980350227616317405e-02 1.165061187738766074e-01 1.155291457156688295e-01
5.849930313952177163e-02 5.900935194777281317e-02 8.159891990730476496e-02 1.123249519288653381e-01 1.135632377730972364e-01
6.420383824532752137e-02 6.420383824532752137e-02 8.395759258879235964e-02 1.262684920772136621e-01 1.343387560248146817e-01
6.243435893662154651e-02 6.243435893662154651e-02 9.775437432292259643e-02 1.414193660470234315e-01 1.493275190463479729e-01
6.904507147894842212e-02 7.304780375254212033e-02 7.997310647228196567e-02 9.608161885314620010e-02 9.616557380913992592e-02
7.246378293830875450e-02 6.186077157249435243e-02 8.220161474860665507e-02 1.103891146776734278e-01 1.161542064531585344e-01
7.136443130439711069e-02 7.136443130439711069e-02 9.597586013545816863e-02 1.242374857551436090e-01 1.234960097612719798e-01
5.850725046294839166e-02 5.850725046294839166e-02 5.850725046294839166e-02 1.112055393758413641e-01 1.163732476235840030e-01
4.817336537024897308e-02 4.047852212396146204e-02 4.047852212396146204e-02 7.237297703960809958e-02 7.603751484070429834e-02
4.836428961198280252e-02 5.302973676260854669e-02 5.302973676260854669e-02 6.949493152264979434e-02 7.033369913466371026e-02
6.936157011520803495e-02 4.987249403449073304e-02 4.987249403449073304e-02 7.037490117569829284e-02 7.276334667439436632e-02
5.272156837166822041e-02 5.272156837166822041e-02 5.272156837166822041e-02 9.358185702615499924e-02 1.035844967246959403e-01
6.246292875050463850e-02 6.246292875050463850e-02 6.246292875050463850e-02 1.164531470204512448e-01 1.226068883796395670e-01
5.083644829789321640e-02 5.083644829789321640e-02 5.083644829789321640e-02 7.173163176202036750e-02 8.170051241981599044e-02
4.204054121146050954e-02 4.204054121146050954e-02 4.204054121146050954e-02 8.687103938439845463e-02 9.799096580265018175e-02
7.489455938384456668e-02 6.675521861328191642e-02 6.963113534796652737e-02 1.067497904407170711e-01 1.100657089727975491e-01
9.838017450091543492e-02 8.047621307054421413e-02 8.047621307054421413e-02 1.181095501589591867e-01 1.208731809627167364e-01
8.283156222639304067e-02 8.283156222639304067e-02 8.808207940273175829e-02 9.472225860273299214e-02 9.890596821820399343e-02
6.238876615587270885e-02 5.487482053607476568e-02 6.238876615587270885e-02 8.646778169239037470e-02 9.562315315296307516e-02
3.694793289311450873e-02 4.170964364867409124e-02 3.694793289311450873e-02 7.578922198873333516e-02 9.642809112422612294e-02
6.807907799505713564e-02 6.807907799505713564e-02 6.807907799505713564e-02 7.888308762707688104e-02 8.501620007954943659e-02
5.198303403833681030e-02 5.198303403833681030e-02 5.198303403833681030e-02 6.207411921183480369e-02 7.076604210382875237e-02
9.772736169635394543e-02 8.406134213885249618e-02 8.406134213885249618e-02 7.631886483682508160e-02 7.923492906453943885e-02
6.893444877684781757e-02 5.370004961248003167e-02 5.370004961248003167e-02 7.875784416979170199e-02 8.766618761991193387e-02
4.628056184909801890e-02 4.628056184909801890e-02 4.628056184909801890e-02 6.192752166220252125e-02 7.643661994771693002e-02
3.012939374757973507e-02 3.012939374757973507e-02 3.012939374757973507e-02 4.398597568277735209e-02 6.227825608221072146e-02
4.214548508955573425e-02 4.214548508955573425e-02 4.214548508955573425e-02 5.625080429487080286e-02 7.243842882526263516e-02
2.973264387351817056e-02 2.973264387351817056e-02 2.973264387351817056e-02 3.416020321977111113e-02 4.782194283541588847e-02
4.246179418421297536e-02 4.355136076372342208e-02 3.073231981942536536e-02 5.520776671477622272e-02 6.698135500024218758e-02
2.952020132585814888e-02 2.952020132585814888e-02 2.952020132585814888e-02 5.794260973436470008e-02 7.066240619361187358e-02
4.233894155231529566e-02 4.233894155231529566e-02 4.233894155231529566e-02 5.315800450876211058e-02 5.728894214687930281e-02
3.380511369603596272e-02 3.380511369603596272e-02 3.380511369603596272e-02 6.118886163489101193e-02 8.584563409588769067e-02
4.499839009136168133e-02 3.479682746601120424e-02 3.479682746601120424e-02 6.506911125944879470e-02 7.449786013043120658e-02
2.590943141942021744e-02 2.727147304744862236e-02 2.727147304744862236e-02 3.972652267762938338e-02 5.512911060403794666e-02
2.882364917772818960e-02 3.032888785299853174e-02 3.032888785299853174e-02 5.154617709586337138e-02 7.054250225523089890e-02
5.796403201754105755e-02 5.796403201754105755e-02 5.796403201754105755e-02 6.216842050573154893e-02 7.228549829632041623e-02
2.856932567224028732e-02 2.290866087993372047e-02 2.290866087993372047e-02 3.582497295634826801e-02 6.007035350237358018e-02
3.213586821203404803e-02 2.681794417908198863e-02 2.681794417908198863e-02 5.231489917709050003e-02 9.139990580773413309e-02
4.511830174600620080e-02 4.511830174600620080e-02 4.233735950149663391e-02 5.495361089511202612e-02 6.749477822202518129e-02
2.322358573719658301e-02 2.322358573719658301e-02 2.322358573719658301e-02 4.202098322942797448e-02 6.393349966093893333e-02
2.214530940754722704e-02 2.183450176154976691e-02 2.183450176154976691e-02 3.049158793594141867e-02 5.486735128132023270e-02
4.088283356548167574e-02 4.088283356548167574e-02 4.088283356548167574e-02 4.972563273455250094e-02 7.159995198484292445e-02
3.999383878677990889e-02 4.851822925834940042e-02 4.851822925834940042e-02 3.515538396099357477e-02 4.947336037790533991e-02
3.586326544671546851e-02 3.586326544671546851e-02 3.586326544671546851e-02 4.332106264747077884e-02 6.753236697166770108e-02
2.632255926878194693e-02 2.632255926878194693e-02 2.632255926878194693e-02 3.658106251081683080e-02 4.648656658831531313e-02
3.661286242668530116e-02 3.661286242668530116e-02 3.939471602341799994e-02 3.241831219215531718e-02 4.949970359738371795e-02
3.814794753698730334e-02 3.814794753698730334e-02 3.814794753698730334e-02 4.731277044352179967e-02 6.173372098943406827e-02
6.658453116010307204e-02 6.658453116010307204e-02 6.658453116010307204e-02 6.437883059342477954e-02 8.017524533362471728e-02
2.807576884789562272e-02 2.807576884789562272e-02 3.123056469226383192e-02 3.649961931114362179e-02 5.035353756622126115e-02
4.123329111327786456e-02 4.665445613670204938e-02 4.665445613670204938e-02 4.396794124725093844e-02 5.348830347531956936e-02
4.885737397626397499e-02 4.885737397626397499e-02 4.885737397626397499e-02 5.049822361031147677e-02 5.246431044001761967e-02
3.904890912051145468e-02 4.635860460213620665e-02 4.635860460213620665e-02 5.356579070204471604e-02 6.658253213990759922e-02
4.465545296151098020e-02 4.821180732437242017e-02 4.821180732437242017e-02 6.168509761959799914e-02 6.928951144280702523e-02
5.195482338978905934e-02 5.195482338978905934e-02 5.195482338978905934e-02 8.957244377720270656e-02 8.360220182089542207e-02
4.749264420857633728e-02 5.675384648039651092e-02 5.895922970592362006e-02 6.890449780535379265e-02 5.193947942596771616e-02
7.508934758060242798e-02 5.175058415615656215e-02 5.175058415615656215e-02 8.353359510369959273e-02 7.729442667548631907e-02
9.331042895908402135e-02 8.055312153318530677e-02 8.055312153318530677e-02 1.071878418790693788e-01 9.056952268953254170e-02
5.627935502230172610e-02 6.788074360381841921e-02 6.788074360381841921e-02 1.135075552040785835e-01 7.823137017051801090e-02
5.362602614467926881e-02 6.777434041456285863e-02 6.777434041456285863e-02 1.133030799709748987e-01 1.071450919784372596e-01
8.167820549659184082e-02 7.480059959879110931e-02 5.808895033606106817e-02 1.190906735722502274e-01 9.957171083194908678e-02
8.320998092211472075e-02 8.320998092211472075e-02 6.735998073291478427e-02 1.335495185808246166e-01 1.143034473362253972e-01
6.300013084982639122e-02 6.300013084982639122e-02 6.300013084982639122e-02 1.198402786479912385e-01 7.192818832025058007e-02
1.045362510261705485e-01 6.839678025768837488e-02 6.839678025768837488e-02 1.375624520880385504e-01 1.045362510261705485e-01
6.051487982758999712e-02 5.584534927828008199e-02 5.584534927828008199e-02 1.644449998500261412e-01 1.215071930536862632e-01
5.368530064432675691e-02 5.368530064432675691e-02 5.368530064432675691e-02 1.192325153620547307e-01 8.684248092451819778e-02
5.881363460264689424e-02 5.850257247184571796e-02 5.881363460264689424e-02 1.501385852493130613e-01 1.265051721409471419e-01
6.469819067538476465e-02 5.307366642902842935e-02 6.469819067538476465e-02 1.380286684994040391e-01 1.163216457769849221e-01
6.729314845890965735e-02 6.729314845890965735e-02 6.729314845890965735e-02 1.425387317302244383e-01 1.271288923446675101e-01
5.823864518177538502e-02 5.823864518177538502e-02 5.189452270648828996e-02 9.266903442927042212e-02 1.073990599670094359e-01
5.430747426212585716e-02 4.937063765372060736e-02 5.430747426212585716e-02 1.142376988708198732e-01 8.169543742737703229e-02
6.975759383871230068e-02 6.975759383871230068e-02 6.975759383871230068e-02 1.505200632434685604e-01 1.270978994543585094e-01
5.313062467725800098e-02 5.769948780951140305e-02 5.769948780951140305e-02 1.212184879259841086e-01 1.471594226189510135e-01
5.741774116843176984e-02 6.175745055171593528e-02 6.175745055171593528e-02 1.656886284563983402e-01 1.440339883620362638e-01
5.690432879767515217e-02 5.690432879767515217e-02 5.690432879767515217e-02 1.472393862638379791e-01 1.037997936727536735e-01
8.492710235689365783e-02 8.492710235689365783e-02 8.492710235689365783e-02 1.307979150069915886e-01 1.466261472037228286e-01
8.055071902110615134e-02 8.055071902110615134e-02 8.055071902110615134e-02 2.066110540652551786e-01 1.749920586190261418e-01
7.659761541330360746e-02 7.659761541330360746e-02 7.497918673123440958e-02 1.560712800132558753e-01 1.390979558823875195e-01
7.424573499527770126e-02 7.424573499527770126e-02 7.074341281257322256e-02 1.676233353443804808e-01 1.883116391732970185e-01
6.856795426237467794e-02 6.856795426237467794e-02 6.856795426237467794e-02 1.651369375335962897e-01 1.493936851281320033e-01
5.818662498064537669e-02 5.818662498064537669e-02 5.818662498064537669e-02 1.401245564110119302e-01 1.509090859484495117e-01
6.157267424767117608e-02 6.157267424767117608e-02 4.658438157542647146e-02 9.670563799523383686e-02 1.179580246810399413e-01
6.385432158086641607e-02 6.385432158086641607e-02 6.385432158086641607e-02 1.056130158635915917e-01 1.123350392907454809e-01
6.031330883264448411e-02 6.031330883264448411e-02 5.131788701833104455e-02 1.203741467664117271e-01 1.255419290224011886e-01
7.660308730839827940e-02 6.890137422764036623e-02 6.890137422764036623e-02 1.103941716818153812e-01 1.172339615020588643e-01
7.683808884514378712e-02 7.237075666080496072e-02 7.683808884514378712e-02 1.248461557207864864e-01 1.546027324789087665e-01
6.916392776502285067e-02 7.968381007823656381e-02 6.916392776502285067e-02 9.606809582334929765e-02 1.047893533091171919e-01
6.125145416123739528e-02 5.577997542189064989e-02 5.577997542189064989e-02 8.783865344365868189e-02 9.832715102991643197e-02
6.702286995261405589e-02 5.597745286764369693e-02 5.597745286764369693e-02 6.504652679921560376e-02 7.288715948526001964e-02
6.170969137625482992e-02 5.671873773735230245e-02 6.170969137625482992e-02 7.498195796577739047e-02 8.169290290122253884e-02
6.618722132221753485e-02 6.618722132221753485e-02 6.856643271229023728e-02 7.634679857328724450e-02 1.037757254748542524e-01
7.320092317511232849e-02 6.193974996156531576e-02 6.200840384257420151e-02 6.325139839789839513e-02 1.028047806987381352e-01
7.189110835527587340e-02 7.489842865430638985e-02 6.428453669379305402e-02 7.189110835527587340e-02 9.282869370035133627e-02
6.709442668321190240e-02 6.709442668321190240e-02 6.709442668321190240e-02 7.775270382604847208e-02 8.569467743838216078e-02
7.855637945286132739e-02 7.686941953858002219e-02 7.686941953858002219e-02 7.740737616908227592e-02 9.651818184988762706e-02
8.101435527689561378e-02 8.101435527689561378e-02 8.101435527689561378e-02 7.784357199462708932e-02 1.035010697120547635e-01
4.568543801046234809e-02 4.568543801046234809e-02 4.568543801046234809e-02 6.245878422054534918e-02 9.477981261829850068e-02
8.256304611976678087e-02 7.755262189163783515e-02 7.755262189163783515e-02 8.256304611976678087e-02 1.009922698688388576e-01
5.794376184555535825e-02 5.794376184555535825e-02 5.794376184555535825e-02 6.321327479982358222e-02 9.747851752131939107e-02
6.050239509432364660e-02 6.050239509432364660e-02 6.050239509432364660e-02 6.390730613096681778e-02 8.622150540541984043e-02
6.404781733679458522e-02 6.404781733679458522e-02 6.404781733679458522e-02 5.591996694160018128e-02 9.007582218904307270e-02
6.204532544233273134e-02 6.204532544233273134e-02 6.204532544233273134e-02 6.779401498226375611e-02 8.697143972269542889e-02
5.177313325574595809e-02 5.177313325574595809e-02 5.177313325574595809e-02 5.644779603393948464e-02 8.002919156819623958e-02
6.040461266912514060e-02 6.757684138553848863e-02 6.757684138553848863e-02 6.489930041873805122e-02 8.678653560364112118e-02
4.559664626735305398e-02 4.559664626735305398e-02 4.559664626735305398e-02 5.099015009206752519e-02 7.605148655109954248e-02
5.957736929328451975e-02 5.342840423974979519e-02 5.342840423974979519e-02 6.201050165240592354e-02 8.159126744347368343e-02
6.454594780183102454e-02 4.911469914230622014e-02 4.911469914230622014e-02 6.091190128295619066e-02 7.872839392405484027e-02
5.591632471844219798e-02 5.591632471844219798e-02 5.591632471844219798e-02 5.552951573830469667e-02 8.000462651598587438e-02
5.945960663808624869e-02 5.352866584690013640e-02 5.352866584690013640e-02 5.610260163389214905e-02 8.503014384762741518e-02
4.544833910961623008e-02 4.544833910961623008e-02 4.544833910961623008e-02 6.007736313109039716e-02 7.324543299653232808e-02
4.780831232996583802e-02 4.780831232996583802e-02 4.780831232996583802e-02 6.262844515081032737e-02 7.364210675445945209e-02
4.719315427408566493e-02 4.719315427408566493e-02 4.719315427408566493e-02 6.103581944610569215e-02 7.389312403565542753e-02
5.250577752745234916e-02 4.320726455144689726e-02 4.320726455144689726e-02 5.909317063263685998e-02 6.855826533599480854e-02
6.454683393670040958e-02 5.581244146738279649e-02 5.581244146738279649e-02 7.075100907065071110e-02 8.146302886022020739e-02
4.930538040647466230e-02 5.934015802379667692e-02 5.934015802379667692e-02 7.415959094364170390e-02 7.024715773297164623e-02
5.118650103976137011e-02 5.118650103976137011e-02 5.118650103976137011e-02 7.458985357464960331e-02 6.941044486734580798e-02
5.185011885036897722e-02 5.194000742759549705e-02 5.745246937824662059e-02 7.351733760965128983e-02 8.038830577315959902e-02
4.748184512111276734e-02 5.171655470587925574e-02 5.171655470587925574e-02 7.871210833635478021e-02 8.068985220637131528e-02
