2.355526802219135019e-01 2.355526802219135019e-01 2.355526802219135019e-01 2.355526802219135019e-01 2.355526802219135019e-01
1.987995526801657198e-01 2.156641449724515380e-01 2.156641449724515380e-01 2.156641449724515380e-01 2.156641449724515380e-01
1.620418779719206559e-01 1.620418779719206559e-01 1.620418779719206559e-01 1.620418779719206559e-01 1.620418779719206559e-01
3.271754493800094754e-01 3.271754493800094754e-01 2.924349611442049190e-01 2.924349611442049190e-01 2.924349611442049190e-01
1.862570940864587132e-01 2.116110662090520678e-01 2.116110662090520678e-01 2.116110662090520678e-01 2.116110662090520678e-01
1.484452535762774694e-01 1.422763961338947836e-01 1.422763961338947836e-01 1.422763961338947836e-01 1.422763961338947836e-01
1.105041765898590322e-01 1.105041765898590322e-01 1.731377122095567600e-01 1.731377122095567600e-01 1.731377122095567600e-01
9.353058955430972043e-02 9.802941901654803336e-02 9.057984830777475460e-02 9.057984830777475460e-02 9.057984830777475460e-02
1.604713024853662573e-01 1.642082059681331252e-01 1.604713024853662573e-01 1.604713024853662573e-01 1.604713024853662573e-01
7.775128638773776135e-02 8.295538959513491795e-02 7.873476777369477209e-02 7.873476777369477209e-02 7.873476777369477209e-02
1.069013869035627534e-01 1.069013869035627534e-01 1.069013869035627534e-01 1.069013869035627534e-01 1.069013869035627534e-01
5.926248152287719173e-02 5.926248152287719173e-02 5.926248152287719173e-02 5.926248152287719173e-02 5.926248152287719173e-02
5.585536022205038476e-02 5.108284485938000691e-02 5.415118469841154192e-02 5.415118469841154192e-02 5.415118469841154192e-02
1.033968056137207631e-01 1.064989757989094898e-01 1.064989757989094898e-01 1.064989757989094898e-01 1.064989757989094898e-01
9.467735217630626754e-02 9.118924720399211592e-02 9.467735217630626754e-02 9.467735217630626754e-02 9.467735217630626754e-02
6.946720058117590579e-02 6.443065582695252369e-02 7.352161233344162161e-02 7.352161233344162161e-02 7.352161233344162161e-02
8.087358957808805926e-02 7.832237627895369259e-02 8.189551181459224505e-02 8.189551181459224505e-02 8.189551181459224505e-02
1.223751647908459528e-01 1.065975562702595192e-01 1.066289243589556845e-01 1.066289243589556845e-01 1.066289243589556845e-01
7.080531340891038639e-02 7.080531340891038639e-02 7.169364531431629550e-02 7.170745814923312755e-02 7.170745814923312755e-02
9.116043150612430923e-02 8.410102951406464578e-02 8.410102951406464578e-02 9.116043150612430923e-02 9.116043150612430923e-02
7.262425257004835599e-02 6.786363048173893464e-02 6.786363048173893464e-02 7.252900844739146313e-02 7.252900844739146313e-02
7.957298803434488532e-02 7.957298803434488532e-02 7.854087633747471042e-02 7.957298803434488532e-02 7.957298803434488532e-02
8.876173493165669115e-02 8.876173493165669115e-02 8.876173493165669115e-02 8.876173493165669115e-02 8.876173493165669115e-02
1.152634326403235432e-01 9.703879507441558194e-02 9.703879507441558194e-02 9.703879507441558194e-02 9.703879507441558194e-02
8.499818890674099015e-02 8.656931414903919209e-02 8.656931414903919209e-02 8.656931414903919209e-02 8.656931414903919209e-02
6.862309137348818200e-02 6.862309137348818200e-02 6.862309137348818200e-02 6.862309137348818200e-02 6.862309137348818200e-02
5.301984912640362452e-02 5.044020602494463795e-02 5.044020602494463795e-02 5.044020602494463795e-02 5.044020602494463795e-02
6.890345015249592364e-02 6.305760260560622221e-02 6.218588651710574983e-02 6.218588651710574983e-02 6.218588651710574983e-02
7.709537553256165521e-02 7.468423188836564863e-02 7.468423188836564863e-02 7.468423188836564863e-02 7.468423188836564863e-02
5.192067507737835319e-02 5.192067507737835319e-02 5.884626050669890945e-02 5.884626050669890945e-02 5.884626050669890945e-02
6.597682231921997431e-02 6.386296721540038468e-02 6.573197738765440556e-02 6.573197738765440556e-02 6.573197738765440556e-02
8.663388173879826848e-02 8.198414536748341308e-02 8.663388173879826848e-02 8.663388173879826848e-02 8.663388173879826848e-02
8.047050649096766650e-02 8.047050649096766650e-02 7.775033955823429377e-02 7.775033955823429377e-02 7.775033955823429377e-02
1.411100774429778493e-01 1.145382447341607851e-01 1.189610921143245403e-01 1.189610921143245403e-01 1.189610921143245403e-01
1.635109243475524887e-01 1.305892591069960362e-01 1.294286035215070352e-01 1.294286035215070352e-01 1.294286035215070352e-01
6.858028532649980413e-02 6.858028532649980413e-02 7.344673230131328057e-02 7.344673230131328057e-02 7.344673230131328057e-02
8.511199242101195883e-02 8.511199242101195883e-02 9.497055453537413261e-02 9.497055453537413261e-02 9.497055453537413261e-02
8.594570869362973264e-02 8.594570869362973264e-02 7.957429957039442725e-02 9.491967254345774763e-02 9.491967254345774763e-02
7.625129673054412138e-02 7.625129673054412138e-02 7.810117457862110479e-02 9.424302744619943162e-02 9.424302744619943162e-02
8.448658754732291110e-02 8.204818233060540145e-02 8.204818233060540145e-02 9.274102561919986276e-02 9.274102561919986276e-02
6.278663982839413626e-02 6.278663982839413626e-02 7.137176340904517746e-02 8.333958499892057947e-02 8.333958499892057947e-02
8.280821965766509141e-02 6.915992770285085689e-02 6.915992770285085689e-02 8.280821965766509141e-02 8.280821965766509141e-02
9.002647643426542334e-02 9.002647643426542334e-02 9.965854649897386286e-02 1.217228132557320597e-01 1.217228132557320597e-01
9.967539626411356379e-02 9.967539626411356379e-02 9.967539626411356379e-02 8.691249063709349798e-02 8.691249063709349798e-02
9.364365647340892884e-02 8.992315602642761418e-02 8.992315602642761418e-02 1.267307154582086592e-01 1.267307154582086592e-01
7.342923109762340694e-02 6.603677328408175118e-02 6.603677328408175118e-02 8.732100149663117594e-02 8.732100149663117594e-02
5.250351589100256400e-02 5.250351589100256400e-02 5.414127059004957693e-02 5.456746683824382355e-02 5.456746683824382355e-02
8.260823340471602771e-02 8.260823340471602771e-02 9.298026053789164302e-02 1.014133064138875995e-01 1.014133064138875995e-01
7.677322706599727653e-02 8.128483514591197667e-02 8.128483514591197667e-02 6.959072587396028520e-02 6.959072587396028520e-02
8.304843510991188893e-02 8.151555320138391403e-02 8.151555320138391403e-02 8.304843510991188893e-02 8.304843510991188893e-02
7.895739229611156706e-02 7.895739229611156706e-02 7.895739229611156706e-02 9.308748096599774036e-02 9.308748096599774036e-02
6.647120618791735325e-02 6.647120618791735325e-02 6.647120618791735325e-02 7.834000475938895924e-02 7.834000475938895924e-02
7.970608818191989020e-02 6.050472823383539617e-02 6.050472823383539617e-02 7.970608818191989020e-02 7.970608818191989020e-02
6.469160907738027988e-02 6.179008232207869322e-02 7.502399951014376844e-02 7.786618660676622450e-02 7.786618660676622450e-02
8.501221499564554085e-02 8.501221499564554085e-02 7.973881852392453173e-02 8.130101474098741510e-02 8.130101474098741510e-02
5.620638956051124402e-02 7.081347251499761630e-02 7.081347251499761630e-02 6.989751427026105746e-02 6.989751427026105746e-02
7.199271762196231272e-02 7.199271762196231272e-02 6.623321368748366633e-02 7.618468812890651087e-02 7.618468812890651087e-02
5.231762606740587157e-02 7.638099879365800593e-02 6.100067269216247201e-02 7.018869326297882960e-02 7.018869326297882960e-02
6.974496252231904281e-02 6.974496252231904281e-02 6.974496252231904281e-02 6.940498418498930455e-02 6.940498418498930455e-02
6.560631914522098429e-02 6.560631914522098429e-02 6.797898661530625553e-02 7.187277243881637356e-02 7.187277243881637356e-02
6.721391417078789732e-02 6.721391417078789732e-02 7.296732240765016475e-02 7.857636302105981685e-02 7.857636302105981685e-02
7.774059387504343721e-02 7.774059387504343721e-02 7.029025213127230998e-02 8.267081440735390974e-02 8.267081440735390974e-02
7.777856230596626175e-02 7.926039864828331172e-02 7.222323885076072092e-02 7.882785140084896947e-02 7.882785140084896947e-02
6.669190913896363981e-02 6.669190913896363981e-02 7.057463783409928526e-02 8.238524590966006533e-02 8.238524590966006533e-02
7.706365211523809322e-02 7.706365211523809322e-02 7.889960185596885112e-02 8.171156205390722738e-02 8.150385053454434203e-02
8.112690201652583699e-02 6.882664111289485409e-02 7.557586200068003301e-02 8.396543594881583639e-02 8.396543594881583639e-02
5.808796960010361582e-02 5.808796960010361582e-02 7.196052099641772615e-02 8.431745894327181967e-02 8.206267016841953255e-02
5.450027428060080781e-02 5.450027428060080781e-02 6.434627028997220999e-02 7.351346879051431915e-02 7.441422024260381518e-02
6.697448994650169463e-02 6.338404024109724200e-02 7.949400583822900657e-02 9.340270936182930306e-02 9.542509706713048212e-02
6.383037001064149896e-02 7.206312531131539578e-02 7.365021610312538769e-02 9.286484349686259521e-02 9.735036444474974571e-02
5.569704757513885968e-02 5.105030419779034434e-02 5.320033070176063278e-02 6.747756188684313206e-02 6.798829570024947366e-02
6.962466001304684626e-02 7.258533984945447770e-02 7.024949275345715449e-02 8.392546470484366083e-02 8.392546470484366083e-02
6.482083044032956043e-02 6.397334695094858414e-02 8.865741237259722185e-02 1.172888550777885092e-01 1.159467027025708058e-01
7.037250949238768594e-02 7.037250949238768594e-02 8.443167052952127438e-02 1.160864727953134501e-01 1.176166685463742589e-01
5.917565614658139989e-02 5.917565614658139989e-02 8.616745467866047947e-02 1.229598402235110993e-01 1.213907196712064734e-01
6.232833519779187176e-02 6.232833519779187176e-02 9.875852184382720444e-02 1.355448751445211542e-01 1.395384129704677900e-01
6.525838772889820671e-02 6.525838772889820671e-02 7.647201459306358917e-02 1.149326838384729932e-01 1.149326838384729932e-01
5.291479703324095812e-02 5.291479703324095812e-02 7.869513339295695908e-02 1.256513347080277232e-01 1.257945679315793930e-01
6.979176229467154435e-02 6.392964442643984946e-02 7.079906870266232388e-02 9.019260446451329849e-02 9.973940986239809847e-02
8.025417767231879385e-02 8.025417767231879385e-02 7.273629691580449363e-02 1.233132367115574585e-01 1.283683599868514491e-01
7.562803786652314009e-02 5.452494839286075451e-02 7.562803786652314009e-02 1.277832557826853177e-01 1.323198270897790463e-01
5.788924218608892253e-02 5.788924218608892253e-02 5.788924218608892253e-02 1.015717901090492647e-01 1.088976304346462032e-01
5.282201382224810393e-02 5.386157372570402058e-02 4.955170940739540147e-02 8.651905546166990812e-02 9.326508387126915267e-02
5.221324889237185379e-02 5.830527772971976636e-02 5.830527772971976636e-02 7.897957866663242454e-02 8.360153214600346550e-02
5.096732152167842561e-02 5.096732152167842561e-02 5.096732152167842561e-02 8.217867803870232413e-02 8.608087582186449427e-02
5.718403575386871163e-02 5.487673482836466499e-02 5.487673482836466499e-02 9.143915781176391311e-02 9.389515789251874633e-02
7.248369096394323419e-02 5.640855947859365477e-02 5.640855947859365477e-02 1.180341361872208755e-01 1.162352035759641328e-01
4.374721373672730423e-02 5.120534044485922087e-02 5.120534044485922087e-02 7.619060530598420478e-02 8.704511493404801237e-02
4.997693744333707444e-02 4.997693744333707444e-02 4.997693744333707444e-02 9.613149360616025929e-02 1.154777900152145348e-01
9.233080553878000862e-02 9.233080553878000862e-02 8.553374130573225542e-02 1.229561233599191089e-01 1.260756506043626823e-01
6.895282179288458879e-02 6.895282179288458879e-02 6.895282179288458879e-02 7.856443041498303859e-02 7.952919033330474452e-02
6.681962165377333673e-02 6.681962165377333673e-02 6.429841834242876197e-02 7.839640868114886030e-02 8.345157084971199790e-02
5.978198539874152867e-02 5.978198539874152867e-02 5.632599013902741397e-02 8.654569874368765736e-02 9.423485938725899291e-02
4.516635028843123817e-02 4.597182674959580939e-02 4.516635028843123817e-02 7.008969157580664799e-02 7.727826463149679859e-02
6.431445938188343203e-02 6.431445938188343203e-02 7.660260788513545416e-02 9.239768415271626401e-02 9.076918517084817117e-02
6.188131342935873636e-02 6.188131342935873636e-02 4.882368442885530457e-02 9.097982638759485874e-02 9.284668108431703981e-02
8.152758228623405157e-02 7.145198616962192273e-02 6.233014049889836622e-02 9.842704656048412160e-02 9.281130671625825723e-02
5.793711063242727027e-02 5.793711063242727027e-02 5.793711063242727027e-02 9.926789800542035191e-02 1.105757702803686765e-01
5.542556633941272265e-02 3.170645362371793397e-02 3.170645362371793397e-02 6.768748713129303651e-02 7.840682212330361833e-02
4.095966667504680886e-02 4.095966667504680886e-02 4.095966667504680886e-02 5.883677630340049952e-02 7.502791701507330324e-02
3.449152395002295229e-02 3.449152395002295229e-02 3.449152395002295229e-02 4.705660164899711645e-02 5.766961681675305401e-02
3.835652519399897903e-02 2.958665927632490172e-02 2.958665927632490172e-02 3.884487001308484927e-02 6.929274203105176277e-02
3.760150154516432586e-02 3.760150154516432586e-02 3.760150154516432586e-02 6.146339025894629465e-02 7.490841919032031893e-02
3.179051737342847295e-02 3.179051737342847295e-02 3.179051737342847295e-02 7.161753662064478110e-02 8.707270103617568979e-02
4.632002174432803265e-02 4.414667050020467526e-02 4.414667050020467526e-02 4.665505019367671702e-02 5.883872426582016646e-02
4.710172388794302972e-02 4.710172388794302972e-02 4.710172388794302972e-02 5.201298442441116415e-02 7.272310429179977553e-02
3.016524875990573423e-02 3.016524875990573423e-02 3.016524875990573423e-02 5.449936178740579645e-02 7.101752808327523037e-02
4.024598975781995547e-02 4.024598975781995547e-02 3.860616713939868383e-02 4.317239676313350261e-02 6.211914626575382875e-02
3.826123131331751748e-02 3.826123131331751748e-02 3.826123131331751748e-02 4.896236523270107444e-02 7.175178511071618470e-02
3.957009704271256118e-02 3.404271175315563142e-02 3.404271175315563142e-02 3.890280584559713262e-02 5.234719499928844333e-02
2.239280088413886718e-02 2.602052567731924851e-02 2.239280088413886718e-02 3.673680000201476337e-02 5.353202874105589260e-02
3.175045030567268112e-02 3.994350056554635264e-02 3.994350056554635264e-02 4.279661255699828554e-02 6.892770595738405282e-02
3.501715917496271702e-02 3.501715917496271702e-02 3.501715917496271702e-02 4.021153892659466711e-02 6.266253283695129295e-02
4.035057548080121098e-02 3.739071174636077188e-02 3.739071174636077188e-02 3.740770505282756814e-02 7.150899193701731882e-02
3.462125928815722176e-02 3.462125928815722176e-02 3.462125928815722176e-02 4.437199469347376246e-02 6.528267319224101417e-02
3.869938143302915218e-02 3.869938143302915218e-02 3.869938143302915218e-02 5.261656217108631045e-02 6.322231399458737300e-02
5.032756362370094383e-02 5.032756362370094383e-02 5.032756362370094383e-02 6.614994679209762474e-02 7.636395312466724705e-02
4.734341683931171663e-02 4.734341683931171663e-02 4.734341683931171663e-02 4.102760663938851554e-02 6.302003350330991072e-02
4.398022757175884534e-02 4.398022757175884534e-02 4.398022757175884534e-02 3.907299628863460800e-02 6.434987727739756302e-02
5.423619298587271237e-02 5.423619298587271237e-02 5.729801820061224821e-02 5.423619298587271237e-02 7.329039644118050256e-02
5.329982989097997031e-02 5.733267732431462926e-02 5.329982989097997031e-02 5.733267732431462926e-02 6.712613302915261537e-02
5.454602766878302589e-02 6.090765926067329833e-02 5.454602766878302589e-02 6.090765926067329833e-02 7.118660693807249418e-02
3.436833467464887187e-02 3.436833467464887187e-02 3.549013287597305860e-02 4.465811053994826058e-02 5.327538641633379479e-02
3.531503498637776628e-02 4.377519156447336884e-02 3.531503498637776628e-02 4.294197957979914437e-02 4.411703631389137653e-02
6.795923368044783086e-02 6.795923368044783086e-02 6.795923368044783086e-02 7.591838352589093397e-02 6.783479815565802984e-02
5.033216087778245168e-02 5.031359122683232155e-02 6.627386356696095271e-02 6.627386356696095271e-02 8.265805949187314539e-02
4.826366174761526073e-02 5.249773000238044940e-02 5.560961575907926585e-02 5.560961575907926585e-02 6.747395938758464495e-02
5.040941597193768914e-02 4.918675563101244930e-02 7.579619537753205794e-02 7.579619537753205794e-02 6.757747377773856701e-02
5.072189315437936052e-02 6.987472995581606172e-02 6.987472995581606172e-02 8.877224247288667547e-02 5.013286928393316522e-02
4.853303795824308320e-02 4.853303795824308320e-02 4.853303795824308320e-02 6.649759172535210650e-02 6.810638958985146263e-02
7.376924134702722569e-02 5.250847318635260691e-02 5.250847318635260691e-02 9.172151561493731287e-02 7.234051712620846730e-02
5.253849200037619127e-02 6.983873367314735736e-02 7.387429092377657824e-02 1.040013820124775085e-01 7.255610525450729986e-02
3.636366492974382053e-02 3.636366492974382053e-02 6.688495899005755807e-02 1.149417741090674044e-01 9.750995595973535601e-02
4.888088335040474686e-02 5.670255227269620224e-02 4.888088335040474686e-02 9.400404818967583731e-02 7.386306770877035244e-02
7.909628445418745435e-02 9.473286478913918451e-02 7.095921167414978581e-02 1.403671757567539480e-01 1.084744364021179297e-01
5.534280001353726608e-02 5.587102742213837653e-02 5.534280001353726608e-02 1.294609577771373421e-01 1.071441609200827066e-01
7.033724772164642869e-02 7.033724772164642869e-02 7.094230922321326238e-02 1.424643334166693087e-01 1.040462565707827303e-01
7.845626084051286753e-02 6.862905719500264623e-02 6.862905719500264623e-02 1.542525471514264723e-01 1.180820381822416387e-01
5.903323919171805240e-02 5.761789727374384829e-02 5.761789727374384829e-02 1.575924564058504007e-01 7.793490442506495475e-02
6.764945942534705825e-02 6.764945942534705825e-02 6.670562613856102774e-02 1.538198624336440945e-01 1.188595009777329015e-01
7.602278030124283437e-02 4.902764960559656549e-02 5.547132073992398077e-02 1.218772708848271935e-01 1.163910265953883028e-01
8.197541278901454564e-02 7.416148906647561379e-02 7.202369706391767434e-02 1.359788644060063723e-01 1.278834705237450187e-01
5.101621690520043856e-02 5.101621690520043856e-02 5.101621690520043856e-02 1.182023674845917305e-01 1.273501397823070536e-01
3.279954877612017289e-02 3.279954877612017289e-02 3.279954877612017289e-02 9.835657764135988246e-02 8.205275283340345005e-02
6.077280811851025477e-02 5.878828709534012625e-02 5.878828709534012625e-02 1.370258157944250765e-01 1.054977066991725082e-01
7.402571010166673904e-02 8.505360000781676810e-02 8.505360000781676810e-02 1.305230534814062482e-01 1.447893987915187808e-01
1.237677863555391999e-01 1.420331123040425580e-01 1.420331123040425580e-01 2.225480375534939770e-01 3.026818045265418644e-01
1.080446440208920472e-01 8.416168745758845215e-02 6.457732227695388294e-02 1.272066589394560965e-01 1.037674891713148695e-01
6.795844505653243772e-02 6.795844505653243772e-02 6.795844505653243772e-02 1.453012119963494331e-01 1.126790080416186085e-01
6.377283678379065679e-02 6.377283678379065679e-02 6.377283678379065679e-02 1.812089166898563641e-01 1.587350605597562248e-01
7.720841388854594867e-02 7.720841388854594867e-02 7.720841388854594867e-02 1.614294428548646576e-01 1.722741813976126635e-01
6.108962660899208696e-02 6.569828556430074018e-02 6.569828556430074018e-02 1.628562418029589898e-01 1.363371278922302365e-01
6.705500425018555422e-02 6.705500425018555422e-02 6.705500425018555422e-02 1.529534384371510625e-01 1.453080585093730059e-01
8.596451765394416689e-02 6.157481710599104624e-02 6.157481710599104624e-02 1.546732108008339324e-01 1.512557922348914952e-01
4.908983909444182558e-02 4.063145720628211915e-02 4.063145720628211915e-02 1.166891943273543758e-01 1.366689019890125478e-01
8.669416583869042625e-02 8.669416583869042625e-02 8.669416583869042625e-02 1.263033143643031153e-01 1.421749507952232705e-01
4.357686593997364688e-02 4.766182962435767945e-02 4.766182962435767945e-02 8.443662039748864312e-02 1.061114389647602185e-01
8.981652586932335758e-02 7.550511135153735454e-02 7.656308876271109010e-02 9.238882567306114235e-02 9.038193695370963510e-02
6.109631022470465855e-02 6.109631022470465855e-02 6.109631022470465855e-02 1.038740218231673784e-01 1.166944593550903880e-01
8.508565204257208248e-02 9.034318824397104264e-02 8.508565204257208248e-02 9.520796819765427188e-02 1.135274249549744902e-01
5.819409940727660047e-02 5.819409940727660047e-02 5.819409940727660047e-02 8.487960342896679056e-02 1.001612711717531773e-01
6.792553396517150843e-02 5.628694730849145150e-02 5.620964962183424424e-02 6.369347533916581983e-02 7.729980961446351884e-02
5.808863764250105782e-02 5.260945658401613295e-02 5.260945658401613295e-02 7.706052602704534238e-02 9.895630494023890944e-02
6.607783340789226412e-02 5.342077890825308595e-02 5.342077890825308595e-02 7.334003447009029841e-02 9.330856515946396590e-02
9.708637460540137099e-02 7.155257858315729191e-02 7.155257858315729191e-02 9.312617258537633780e-02 1.548949239109601861e-01
6.522063105433972829e-02 5.258813827954485209e-02 5.258813827954485209e-02 6.522063105433972829e-02 8.083866827757738016e-02
5.546114234478141669e-02 5.546114234478141669e-02 5.546114234478141669e-02 6.591185703721617883e-02 1.037559540100103095e-01
7.027844311726146043e-02 6.650101333217797728e-02 7.027844311726146043e-02 6.664683284994796231e-02 7.763549222946479478e-02
6.810306733585774763e-02 6.810306733585774763e-02 7.006778966855821411e-02 7.432243516815938145e-02 9.247808497653699222e-02
5.805439780531488486e-02 5.805439780531488486e-02 5.805439780531488486e-02 6.827018202598136853e-02 9.302988038530132786e-02
6.825637843025374185e-02 6.825637843025374185e-02 6.825637843025374185e-02 6.685083895426960354e-02 8.804950710950816550e-02
6.162806879966218482e-02 6.165429875480935018e-02 5.366552975393213548e-02 6.544027841381172550e-02 1.009195851662476884e-01
5.472820671754341504e-02 5.472820671754341504e-02 6.332295608406196541e-02 6.386586538412378222e-02 8.360220568507391314e-02
6.561012863724596800e-02 6.561012863724596800e-02 6.561012863724596800e-02 7.727747770611829992e-02 9.579070822172776334e-02
7.642984007940316349e-02 7.642984007940316349e-02 7.642984007940316349e-02 6.727899285083756287e-02 8.280562925790566076e-02
5.949336191509124044e-02 6.746335490903551668e-02 5.949336191509124044e-02 5.232146200481740256e-02 7.090467855434276490e-02
6.343478413632293311e-02 6.712523145787656353e-02 6.712523145787656353e-02 7.104159349095957865e-02 9.236696914117287216e-02
5.198846324672601327e-02 5.198846324672601327e-02 5.198846324672601327e-02 6.590483821516394947e-02 8.574659446744285762e-02
5.009105380092222087e-02 5.009105380092222087e-02 5.009105380092222087e-02 7.971122946823612498e-02 9.750871965806950925e-02
6.084454980011776842e-02 5.245441653006574501e-02 5.245441653006574501e-02 6.084454980011776842e-02 8.120539993956144009e-02
4.370299636488116785e-02 4.370299636488116785e-02 4.370299636488116785e-02 5.460336530650563430e-02 7.021574430645276255e-02
5.669537438484983927e-02 4.887147738142137016e-02 4.887147738142137016e-02 5.644137984148731718e-02 6.753015257991168419e-02
4.640821158949808706e-02 4.640821158949808706e-02 4.640821158949808706e-02 5.200151841856074514e-02 6.695298357210904827e-02
4.577347618319168449e-02 4.577347618319168449e-02 4.577347618319168449e-02 6.096976888274611983e-02 7.548587145012315702e-02
6.496768475679180754e-02 6.015345820878448269e-02 6.015345820878448269e-02 7.416786444418134450e-02 8.252546667658638979e-02
3.902866471287862876e-02 3.902866471287862876e-02 3.902866471287862876e-02 5.717150196275421620e-02 7.127706064860386825e-02
5.458498286299946073e-02 5.738656267369823122e-02 5.738656267369823122e-02 6.835991785434054890e-02 6.753689880604603346e-02
3.468177711348936071e-02 3.635977219739033872e-02 3.635977219739033872e-02 5.608186163121930273e-02 5.333717311496789792e-02
4.834089520310634602e-02 5.245038541035713930e-02 5.245038541035713930e-02 6.887956039289504229e-02 7.161013500353882733e-02
4.852080617033979748e-02 4.852080617033979748e-02 4.852080617033979748e-02 6.713835237933138411e-02 7.277592033868932053e-02
4.959405927326233920e-02 4.621950926301129220e-02 4.621950926301129220e-02 7.196435835428752203e-02 7.178687775371185575e-02
