2.980447355180401714e-01 2.980447355180401714e-01 2.980447355180401714e-01 2.980447355180401714e-01 2.980447355180401714e-01
1.969932317579891068e-01 1.969932317579891068e-01 1.969932317579891068e-01 1.969932317579891068e-01 1.969932317579891068e-01
1.612693312594564443e-01 1.612693312594564443e-01 1.612693312594564443e-01 1.612693312594564443e-01 1.612693312594564443e-01
3.281833625829856937e-01 2.849740423096218112e-01 2.796765279064103438e-01 2.796765279064103438e-01 2.796765279064103438e-01
1.532880620508564051e-01 1.657738319901672364e-01 1.657738319901672364e-01 1.657738319901672364e-01 1.657738319901672364e-01
1.155918279481751576e-01 1.233163555759128893e-01 1.233163555759128893e-01 1.233163555759128893e-01 1.233163555759128893e-01
7.639459584673913284e-02 7.982376712560146359e-02 1.383426349632650709e-01 1.383426349632650709e-01 1.383426349632650709e-01
9.669575988126249966e-02 9.669575988126249966e-02 1.142109181307243426e-01 1.142109181307243426e-01 1.142109181307243426e-01
1.743487294968191492e-01 1.843116254831808631e-01 1.743487294968191492e-01 1.743487294968191492e-01 1.743487294968191492e-01
7.507549096821594659e-02 7.494239190422581631e-02 6.766618167084563484e-02 6.766618167084563484e-02 6.766618167084563484e-02
9.692279827760096056e-02 9.692279827760096056e-02 8.778027069030379381e-02 8.778027069030379381e-02 8.778027069030379381e-02
5.657728689858541188e-02 5.877526545163071214e-02 5.657728689858541188e-02 5.657728689858541188e-02 5.657728689858541188e-02
5.103413650463854007e-02 4.748569467652707238e-02 4.748569467652707238e-02 4.748569467652707238e-02 4.748569467652707238e-02
8.387741708624435466e-02 8.387741708624435466e-02 8.387741708624435466e-02 8.387741708624435466e-02 8.387741708624435466e-02
9.894502129470156282e-02 1.038041595076955037e-01 1.038041595076955037e-01 1.038041595076955037e-01 1.038041595076955037e-01
7.426624273868918935e-02 7.069809009748885542e-02 7.198303869910221975e-02 7.198303869910221975e-02 7.198303869910221975e-02
7.454910057829230996e-02 7.454910057829230996e-02 7.673884431793992489e-02 7.673884431793992489e-02 7.673884431793992489e-02
1.027401740667583524e-01 1.027401740667583524e-01 1.027401740667583524e-01 1.051787420590916955e-01 1.051787420590916955e-01
5.565948826144771766e-02 5.815540767920798076e-02 5.565948826144771766e-02 5.320183723177349111e-02 5.320183723177349111e-02
9.516159190453048200e-02 9.923028165574161730e-02 9.964041543489397801e-02 9.516159190453048200e-02 9.516159190453048200e-02
6.947759264906924748e-02 7.360222565545498918e-02 6.863229738355303144e-02 6.409586786204859998e-02 6.409586786204859998e-02
8.704888001483863935e-02 8.336259383138416856e-02 8.704888001483863935e-02 8.501671763417767425e-02 8.501671763417767425e-02
8.654711233916762003e-02 8.654711233916762003e-02 8.575013288384379651e-02 8.575013288384379651e-02 8.575013288384379651e-02
7.742846487832413804e-02 7.832948612494484986e-02 7.832948612494484986e-02 7.382676673325061500e-02 7.382676673325061500e-02
7.793560067515309386e-02 8.704955926771509866e-02 7.793560067515309386e-02 7.793560067515309386e-02 7.793560067515309386e-02
7.496016223138085577e-02 7.728415060645980883e-02 7.728415060645980883e-02 7.496016223138085577e-02 7.496016223138085577e-02
6.746434292157559021e-02 4.478236812711659104e-02 4.874789792583313075e-02 4.874789792583313075e-02 4.874789792583313075e-02
7.140727422834279581e-02 7.140727422834279581e-02 6.055962807664634628e-02 7.140727422834279581e-02 7.140727422834279581e-02
6.181194690779871076e-02 7.034433335188665370e-02 7.034433335188665370e-02 7.034433335188665370e-02 7.034433335188665370e-02
7.420463956828290963e-02 7.420463956828290963e-02 7.415794177161509626e-02 7.415794177161509626e-02 7.415794177161509626e-02
5.925907178526344105e-02 7.305971518015577648e-02 7.868017506783835102e-02 7.868017506783835102e-02 7.868017506783835102e-02
7.894852058866987099e-02 7.894852058866987099e-02 7.894852058866987099e-02 8.306761746821908488e-02 8.306761746821908488e-02
6.858214446503567430e-02 6.858214446503567430e-02 6.858214446503567430e-02 6.194390406819007960e-02 6.194390406819007960e-02
1.396703440422524534e-01 1.396703440422524534e-01 1.396703440422524534e-01 1.411799982267473719e-01 1.411799982267473719e-01
1.453403151384138614e-01 1.217593982713418427e-01 1.217593982713418427e-01 1.435608644245047749e-01 1.435608644245047749e-01
5.979263074231223885e-02 5.360489944617230496e-02 5.360489944617230496e-02 6.568827001869173565e-02 6.568827001869173565e-02
8.398255863912024166e-02 7.400860074907936181e-02 8.398255863912024166e-02 9.983952699162011724e-02 9.983952699162011724e-02
1.065459042356636798e-01 9.894855170699007330e-02 8.377054461211506931e-02 1.016690215531876745e-01 1.016690215531876745e-01
7.307663637015965330e-02 7.307663637015965330e-02 6.848647732273134559e-02 8.012518963599533917e-02 8.012518963599533917e-02
1.043844474628983360e-01 1.043844474628983360e-01 1.030727690390201706e-01 1.181394118305999497e-01 1.181394118305999497e-01
6.196856913255210236e-02 6.196856913255210236e-02 6.771129801877874554e-02 8.130896849026887641e-02 8.130896849026887641e-02
1.170533616290048012e-01 8.816375939049467259e-02 1.095381072969102282e-01 1.170533616290048012e-01 1.170533616290048012e-01
1.158391525383377779e-01 1.158391525383377779e-01 1.050348261548494644e-01 1.297452640369677890e-01 1.297452640369677890e-01
6.304548436026721769e-02 5.872609568640448779e-02 6.304548436026721769e-02 7.538345768615434261e-02 7.538345768615434261e-02
8.051557902229916630e-02 8.051557902229916630e-02 8.051557902229916630e-02 8.617966093206540223e-02 8.617966093206540223e-02
6.103533729617205417e-02 6.103533729617205417e-02 6.103533729617205417e-02 6.025609560436179929e-02 6.025609560436179929e-02
5.995381333604686558e-02 5.948337685724525148e-02 5.948337685724525148e-02 6.044872774168029428e-02 6.044872774168029428e-02
8.393461163167698080e-02 8.393461163167698080e-02 8.393461163167698080e-02 7.690875708097395791e-02 7.690875708097395791e-02
7.368526743100480003e-02 7.455080868437390096e-02 7.455080868437390096e-02 7.368526743100480003e-02 7.368526743100480003e-02
8.195715605325619435e-02 7.356284906274707103e-02 8.195715605325619435e-02 8.916798778206844189e-02 8.916798778206844189e-02
6.965358189086369445e-02 6.965358189086369445e-02 7.263631237977870303e-02 8.201203817604177382e-02 8.201203817604177382e-02
6.769335992443037409e-02 6.769335992443037409e-02 6.769210897117269865e-02 6.059138505399331437e-02 6.059138505399331437e-02
8.424359867893595200e-02 8.424359867893595200e-02 8.855535020702194615e-02 7.993099298165019795e-02 7.993099298165019795e-02
7.596411853126093516e-02 6.876371278494133876e-02 7.536081321815905898e-02 7.901317321767493962e-02 7.901317321767493962e-02
7.502543317814711066e-02 7.559386506351201129e-02 5.904456531139980896e-02 6.032291935748476663e-02 6.032291935748476663e-02
7.989829930427586047e-02 7.989829930427586047e-02 7.989829930427586047e-02 8.582272420979343563e-02 8.582272420979343563e-02
8.102610976786234209e-02 8.495885083240269087e-02 8.495885083240269087e-02 7.318867575774569423e-02 7.318867575774569423e-02
6.795602061391561866e-02 6.710432802914788331e-02 6.795602061391561866e-02 7.967569528817758373e-02 7.967569528817758373e-02
5.749613234181747551e-02 5.763755693773306432e-02 5.763755693773306432e-02 6.313363746259165188e-02 6.313363746259165188e-02
5.963502851588668024e-02 5.963502851588668024e-02 5.963502851588668024e-02 6.751084824000806728e-02 6.751084824000806728e-02
5.625437595310962130e-02 6.238961923793311798e-02 6.238961923793311798e-02 7.712829265577425542e-02 7.712829265577425542e-02
7.059621429962759098e-02 6.323976600841177409e-02 6.323976600841177409e-02 7.194330107570423571e-02 7.194330107570423571e-02
7.651189232292168740e-02 7.748153496009797803e-02 7.748153496009797803e-02 8.255315133757837320e-02 8.255315133757837320e-02
7.459607729816926380e-02 7.459607729816926380e-02 7.423163502556304194e-02 8.378918518810837823e-02 8.378918518810837823e-02
7.073595997425066728e-02 7.010486873501596550e-02 7.073595997425066728e-02 7.745926756387559731e-02 7.981393993624533167e-02
6.746902581019488532e-02 6.480684112127967078e-02 6.746902581019488532e-02 8.224435932245745262e-02 8.224435932245745262e-02
8.682434096758262498e-02 7.534671897590557166e-02 8.659966699961715864e-02 9.690888201207001340e-02 9.617997709028747177e-02
6.829807814669777710e-02 6.829807814669777710e-02 6.829807814669777710e-02 8.084353698448794312e-02 8.152804339412536572e-02
6.686386921964973529e-02 6.686386921964973529e-02 8.146205282049495677e-02 9.489094232151289166e-02 9.484233905551384125e-02
5.799876675703060508e-02 6.007369210979911223e-02 7.549633585857144780e-02 9.750632279161793037e-02 1.002020757149679753e-01
5.720003666240303097e-02 5.970342845956605471e-02 6.742116319463449525e-02 9.032832001960096335e-02 9.032832001960096335e-02
6.719887490103514105e-02 7.219278289653317804e-02 6.719887490103514105e-02 8.590041447956610343e-02 8.590041447956610343e-02
6.591390623502849100e-02 6.504325546446421136e-02 7.983881023604140481e-02 1.117539110988697015e-01 1.117539110988697015e-01
8.601860432080604690e-02 8.848652276958331175e-02 9.622113951707839119e-02 1.247391408672430951e-01 1.247391408672430951e-01
5.311191040734757757e-02 5.311191040734757757e-02 7.587929991505011629e-02 1.080967757751704894e-01 1.080967757751704894e-01
4.289919042575648239e-02 4.289919042575648239e-02 7.429124883859096473e-02 1.177098246842916696e-01 1.164683250184208319e-01
5.554031283015962994e-02 5.554031283015962994e-02 7.697927108309741973e-02 1.186638730319220514e-01 1.264354935476639519e-01
5.298739717550464412e-02 5.298739717550464412e-02 7.503614309639401736e-02 1.135409440001126646e-01 1.179788028711492021e-01
8.351904963254896952e-02 7.814576196756696513e-02 8.351904963254896952e-02 1.078987982407019208e-01 1.105002719640912623e-01
5.849800276912209968e-02 5.849800276912209968e-02 5.954778764075122077e-02 1.238802105637127754e-01 1.375929103740823889e-01
6.916596833451267579e-02 6.916596833451267579e-02 6.542041810858907624e-02 1.313552927048163010e-01 1.417566271146942503e-01
6.031052595269523198e-02 6.031052595269523198e-02 6.031052595269523198e-02 1.051281831439685732e-01 1.111662232857011101e-01
5.942080638849215474e-02 5.942080638849215474e-02 5.942080638849215474e-02 8.474187934178009640e-02 9.008877121802966181e-02
5.763623244189573086e-02 5.447009725283349924e-02 5.447009725283349924e-02 7.892673976605468766e-02 8.155609672041962133e-02
5.534311565372072167e-02 5.465423959818502958e-02 5.465423959818502958e-02 7.957328522629031342e-02 8.130520704159147072e-02
4.855067353790791518e-02 4.855067353790791518e-02 4.855067353790791518e-02 8.500597798127140781e-02 8.325179395294224349e-02
6.951652261268485844e-02 6.951652261268485844e-02 6.951652261268485844e-02 1.055827000275602889e-01 1.062827512621841164e-01
4.860985416848675328e-02 4.496949671317333058e-02 4.496949671317333058e-02 8.377282983871353617e-02 9.371493501866717812e-02
4.332293495832894442e-02 4.332293495832894442e-02 4.332293495832894442e-02 8.873541889326219678e-02 9.581095494043938288e-02
7.956863350350736053e-02 7.486484779734081663e-02 7.486484779734081663e-02 1.129997126877505809e-01 1.286664815103598924e-01
6.824267284191695704e-02 6.824267284191695704e-02 6.824267284191695704e-02 8.771772310219387581e-02 9.141786041092482551e-02
8.934021909146322438e-02 6.028773555768040388e-02 6.028773555768040388e-02 7.970208491177942223e-02 8.934021909146322438e-02
5.966181406224158740e-02 5.966181406224158740e-02 5.868871887208509941e-02 8.981976386566949133e-02 9.276888218324635949e-02
7.724842179159636946e-02 6.825897941311845352e-02 6.803385526020575003e-02 8.207814153121988088e-02 9.807581090342601393e-02
1.014971819022360555e-01 7.805603676958876302e-02 7.805603676958876302e-02 8.900896115262700581e-02 9.277092351853427621e-02
6.637405585417206766e-02 6.637405585417206766e-02 6.637405585417206766e-02 7.559019050724173627e-02 8.129822568399548699e-02
7.008708512253897238e-02 7.008708512253897238e-02 7.008708512253897238e-02 7.342696685028185510e-02 8.256420914663925581e-02
4.242207396583906609e-02 4.242207396583906609e-02 4.242207396583906609e-02 6.222021072835081518e-02 7.541341949677377032e-02
4.902261654989675116e-02 4.020550825113291399e-02 4.020550825113291399e-02 5.675445681148656024e-02 6.758680604489815391e-02
3.797761917600021159e-02 3.797761917600021159e-02 3.797761917600021159e-02 6.449131114547400345e-02 8.709528213297672294e-02
4.381399475067432325e-02 4.381399475067432325e-02 4.381399475067432325e-02 7.416014757671121616e-02 8.897335718244665792e-02
4.702093799203833913e-02 3.351365481231254745e-02 3.351365481231254745e-02 4.702093799203833913e-02 6.466925004195796245e-02
3.776373806642110975e-02 3.776373806642110975e-02 3.702342622045529802e-02 6.035612561087802530e-02 7.583604646026403939e-02
3.127436933311669720e-02 3.375129437600445093e-02 3.127436933311669720e-02 6.470575178967019614e-02 8.331065137713296320e-02
3.732816522137929333e-02 3.732816522137929333e-02 3.732816522137929333e-02 5.249569979494260463e-02 6.803982518104481625e-02
5.052375149351526901e-02 5.052375149351526901e-02 5.052375149351526901e-02 7.434904563287071666e-02 9.950929438228435508e-02
3.041686593140236622e-02 3.077037535663593865e-02 3.077037535663593865e-02 6.374881602528016666e-02 7.986628354816156794e-02
2.849853953784578162e-02 2.849853953784578162e-02 2.849853953784578162e-02 3.671425648220265348e-02 5.483903408610431990e-02
2.767224728774381887e-02 2.767224728774381887e-02 2.767224728774381887e-02 4.071974140437462086e-02 5.787162094558105652e-02
3.222956082542404593e-02 2.891785451895631173e-02 2.891785451895631173e-02 3.345716961315235716e-02 3.960189599442435343e-02
2.331515603738931394e-02 2.331515603738931394e-02 2.331515603738931394e-02 3.640513419873366019e-02 5.766309314675930470e-02
3.212116190659654313e-02 3.212116190659654313e-02 3.126859117060869220e-02 4.713066868237149321e-02 7.714841222383789221e-02
4.400309084078812827e-02 4.400309084078812827e-02 4.400309084078812827e-02 5.122293306036295596e-02 7.517418835208662664e-02
4.169839077484360779e-02 4.169839077484360779e-02 4.169839077484360779e-02 5.753090754768228759e-02 7.361339585016982157e-02
1.917300229617745211e-02 1.917300229617745211e-02 1.917300229617745211e-02 3.469938634190194993e-02 5.017532632145117744e-02
2.795284380744115713e-02 3.030088107055108754e-02 3.030088107055108754e-02 4.692112684113067256e-02 6.580266098333363567e-02
4.726219389027305068e-02 4.694411111154238314e-02 4.694411111154238314e-02 4.726219389027305068e-02 5.968324914416048288e-02
5.060178004224991782e-02 5.060178004224991782e-02 4.112920520766180643e-02 5.353512217232024584e-02 7.082911226337502975e-02
5.521558678693345990e-02 5.521558678693345990e-02 4.987887812123473902e-02 5.521558678693345990e-02 7.460575183127209076e-02
9.301872535559847777e-02 8.811352479257134052e-02 9.498645772995678582e-02 8.811352479257134052e-02 8.376929070779842723e-02
4.501082660116906969e-02 4.501082660116906969e-02 3.246377143617691641e-02 4.501082660116906969e-02 5.273050222469258252e-02
5.200395945396860120e-02 5.123739922657566392e-02 4.539137125451518651e-02 5.123739922657566392e-02 5.497503121787866015e-02
3.228581073148602265e-02 2.852703012250736719e-02 2.852703012250736719e-02 3.890359223846606013e-02 4.290784186099792785e-02
4.782535907005545928e-02 4.782535907005545928e-02 4.782535907005545928e-02 3.581273744065140846e-02 4.294254381020069788e-02
5.480559493354597578e-02 4.558869462881454115e-02 4.558869462881454115e-02 4.814604510753706101e-02 5.017469878329262889e-02
1.029256863710781150e-01 5.864069873898389296e-02 5.645675583150407822e-02 6.364705088498395780e-02 1.029256863710781150e-01
1.892015256305516410e-02 1.892015256305516410e-02 1.618410415682455111e-02 3.396730231520485310e-02 3.147686880431781187e-02
6.173511577932312699e-02 6.173511577932312699e-02 5.189796360605370557e-02 8.235445632566790186e-02 6.047744605731483758e-02
6.158418815834761778e-02 5.216299611930845515e-02 5.131458987867916488e-02 9.688536654288550098e-02 7.843785952921017435e-02
5.414626787079142994e-02 4.593889850027936539e-02 5.605192125252366625e-02 7.894742600135352950e-02 6.641076191888642399e-02
6.353097056298867562e-02 6.505507384736278209e-02 7.887179963406935890e-02 9.973819275076228896e-02 8.579561595113704975e-02
5.585408508902798413e-02 5.585408508902798413e-02 6.501381979421412549e-02 8.507125652424674112e-02 7.901858533496992909e-02
5.740762580979098806e-02 3.638163464343138059e-02 5.740762580979098806e-02 1.007100504482154463e-01 7.918546725749021908e-02
6.421133123924299690e-02 6.360094698564197624e-02 6.421133123924299690e-02 1.243372710986632851e-01 1.091802447998936887e-01
6.433107368187303277e-02 5.516007288344208781e-02 5.516007288344208781e-02 1.106944601144054241e-01 9.060771845174571404e-02
7.002730605643017747e-02 7.002730605643017747e-02 6.018756432118766569e-02 1.152515756238643579e-01 8.533845650286661644e-02
9.847294800599404319e-02 8.861633279760264270e-02 8.861633279760264270e-02 1.356807543958421791e-01 1.113776609059393130e-01
5.176577837123558234e-02 5.935418447602677783e-02 5.935418447602677783e-02 1.149799634505188350e-01 8.077199541154365947e-02
7.239870758092632752e-02 7.548236900886763634e-02 7.548236900886763634e-02 1.400282303441977017e-01 1.312869426585212829e-01
6.557650093486272480e-02 6.557650093486272480e-02 6.557650093486272480e-02 1.461652074242474619e-01 1.184487044311528514e-01
7.057906167030303379e-02 5.947019143964209220e-02 5.947019143964209220e-02 1.058609326204312528e-01 9.170451139140550767e-02
6.484081559603792344e-02 5.711342554739220340e-02 5.711342554739220340e-02 1.200165906860086174e-01 1.065089543780344816e-01
6.410607882117821954e-02 6.818899485087932810e-02 6.410607882117821954e-02 1.131019192542893487e-01 9.863967671174396490e-02
5.037147817972228298e-02 5.430928475503751102e-02 5.037147817972228298e-02 1.035063920975748397e-01 1.000980771093759325e-01
9.104257686689611051e-02 7.693021142626459141e-02 7.693021142626459141e-02 1.345573748488915478e-01 1.132093048069349045e-01
5.917314326822852022e-02 5.458356022986264600e-02 5.458356022986264600e-02 1.067053995039762976e-01 1.125955580013150575e-01
6.238853484654366399e-02 6.238853484654366399e-02 6.238853484654366399e-02 1.541889947805233085e-01 1.471168835507803696e-01
5.371827449969561463e-02 5.371827449969561463e-02 5.371827449969561463e-02 1.432236939970575329e-01 1.397493211606862795e-01
4.794314394383940303e-02 4.794314394383940303e-02 4.794314394383940303e-02 1.077514739908249503e-01 1.223489719349189209e-01
8.824202335206143832e-02 8.824202335206143832e-02 8.824202335206143832e-02 1.831980264611048348e-01 1.519785616418642960e-01
6.095914660951693570e-02 6.095914660951693570e-02 6.095914660951693570e-02 1.573597532117145259e-01 1.274865866150004523e-01
7.319954337044426440e-02 6.909859049915209606e-02 6.909859049915209606e-02 1.611929839409868004e-01 1.714182894302938853e-01
7.189446415194204743e-02 7.189446415194204743e-02 7.189446415194204743e-02 1.462096319870565264e-01 1.550065471445896403e-01
6.331521779263057925e-02 6.331521779263057925e-02 6.331521779263057925e-02 1.496227342907603119e-01 1.452540035350634584e-01
6.516474717764636493e-02 5.812579990170482769e-02 5.812579990170482769e-02 1.173973849035942069e-01 1.110755929020810218e-01
7.067141502517287899e-02 7.067141502517287899e-02 7.067141502517287899e-02 1.398957677088796536e-01 1.423055213120761331e-01
4.989964784983599161e-02 4.662380167204274034e-02 4.662380167204274034e-02 1.031932428126338119e-01 1.296017327088984095e-01
7.330372801768438029e-02 7.652605233242271154e-02 7.652605233242271154e-02 1.131814795872616297e-01 1.254456469652672213e-01
5.483244648117167885e-02 5.483244648117167885e-02 5.483244648117167885e-02 1.034854758706521272e-01 1.159428986130147110e-01
5.415470869320729297e-02 5.415470869320729297e-02 6.303599518527754075e-02 7.865474624296746320e-02 8.930776475956449245e-02
6.780797433111125649e-02 5.850615828561912118e-02 5.850615828561912118e-02 9.287350864884486024e-02 1.054870884827657646e-01
7.432906610570309824e-02 6.574876013260620711e-02 6.574876013260620711e-02 8.986035875161275943e-02 1.116305042962111305e-01
4.409527997117210218e-02 6.007073826088215468e-02 4.409527997117210218e-02 7.441031256336012867e-02 8.358038633431832953e-02
6.691800367952650819e-02 6.691800367952650819e-02 6.691800367952650819e-02 7.623043947536903286e-02 1.004842414206600226e-01
1.140604518293564101e-01 1.011749676159568873e-01 1.011749676159568873e-01 1.034630393632242212e-01 1.340155023233601250e-01
9.296357974827747228e-02 7.768748292485307128e-02 7.768748292485307128e-02 6.858600933973944824e-02 9.394242002827095372e-02
7.932326132536168806e-02 7.932326132536168806e-02 7.932326132536168806e-02 7.454099541678002594e-02 1.097957218483434638e-01
6.419014927140399840e-02 5.871811379260812036e-02 5.871811379260812036e-02 6.419014927140399840e-02 7.857270337652985659e-02
4.517791023259959404e-02 4.023914946881827770e-02 4.023914946881827770e-02 5.613784279667864002e-02 9.668051994620115164e-02
6.562536135256054337e-02 6.513312644267471585e-02 6.513312644267471585e-02 7.121661575315026138e-02 9.167760023700891048e-02
8.524504091243922943e-02 8.524504091243922943e-02 8.524504091243922943e-02 9.766921931285052483e-02 1.113678938526300871e-01
5.343301179091070052e-02 4.526886575178364763e-02 4.526886575178364763e-02 5.750000694054718808e-02 8.215994920745325891e-02
6.339567719801000867e-02 5.549620087464567780e-02 5.549620087464567780e-02 5.731212523304741319e-02 8.705243948486543482e-02
6.586692454089439208e-02 6.015806044853563850e-02 5.729166274857708241e-02 5.729166274857708241e-02 8.276879878821531700e-02
7.277938201888604908e-02 7.277938201888604908e-02 7.277938201888604908e-02 6.353557447311546091e-02 7.571035298945529013e-02
8.635320900442788883e-02 7.929634102450706934e-02 7.929634102450706934e-02 8.635320900442788883e-02 1.052236737788575099e-01
6.711693729612533410e-02 5.898864699619616597e-02 5.898864699619616597e-02 6.093661763231204148e-02 8.362072963051744856e-02
6.288335765049772597e-02 6.288335765049772597e-02 6.288335765049772597e-02 7.918644469812756437e-02 9.636783682543156870e-02
4.903190072381002906e-02 4.903190072381002906e-02 4.903190072381002906e-02 6.642127904798239557e-02 9.100356050868688151e-02
4.988371075938458077e-02 4.988371075938458077e-02 4.988371075938458077e-02 6.058959444856497345e-02 7.162994091245059036e-02
7.364010360948759770e-02 7.364010360948759770e-02 7.364010360948759770e-02 7.490427470929190978e-02 7.611612889219275535e-02
5.581622501845952267e-02 5.581622501845952267e-02 5.581622501845952267e-02 6.187072644599837107e-02 7.437752455349473657e-02
3.982551365876632610e-02 3.982551365876632610e-02 3.982551365876632610e-02 5.717983514305795961e-02 7.056115418892201785e-02
5.128569411309177178e-02 5.128569411309177178e-02 5.128569411309177178e-02 6.320147228789921301e-02 7.393705112742647578e-02
5.447725858385905201e-02 4.685876122233605806e-02 4.685876122233605806e-02 6.604106719461168284e-02 6.954153818587016644e-02
4.370528266359340747e-02 4.370528266359340747e-02 4.370528266359340747e-02 6.280331211745460163e-02 7.069387400968868418e-02
5.759318381715702873e-02 6.750822758394596501e-02 6.750822758394596501e-02 8.475413451770802409e-02 8.817951619104597016e-02
3.550561295342613555e-02 3.948218222042675779e-02 3.885767167751701112e-02 5.683131206997159984e-02 5.873858370423019198e-02
4.536026351796018652e-02 4.215726918447409988e-02 4.263465581097038853e-02 6.252709249067876784e-02 6.761187414402408669e-02
4.698054708671024760e-02 5.011613680949583011e-02 4.698054708671024760e-02 7.614258538702306511e-02 7.219167786448806023e-02
4.641739963578007944e-02 4.914931400561351610e-02 4.914931400561351610e-02 7.317566236947707636e-02 6.717152955715116613e-02
