2.355526802219135019e-01
2.156641449724515380e-01
1.620418779719206559e-01
3.271754493800094754e-01
2.116110662090520678e-01
1.422763961338947836e-01
1.105041765898590322e-01
9.802941901654803336e-02
1.642082059681331252e-01
7.775128638773776135e-02
1.174319385144916156e-01
5.926248152287719173e-02
5.108284485938000691e-02
1.064989757989094898e-01
9.118924720399211592e-02
6.443065582695252369e-02
8.189551181459224505e-02
1.066289243589556845e-01
7.170745814923312755e-02
9.116043150612430923e-02
7.252900844739146313e-02
7.957298803434488532e-02
8.876173493165669115e-02
9.703879507441558194e-02
8.656931414903919209e-02
6.862309137348818200e-02
5.044020602494463795e-02
6.218588651710574983e-02
7.468423188836564863e-02
5.884626050669890945e-02
6.573197738765440556e-02
8.663388173879826848e-02
7.775033955823429377e-02
1.189610921143245403e-01
1.294286035215070352e-01
7.344673230131328057e-02
9.497055453537413261e-02
9.491967254345774763e-02
9.424302744619943162e-02
9.274102561919986276e-02
8.333958499892057947e-02
6.915992770285085689e-02
9.002647643426542334e-02
9.967539626411356379e-02
8.992315602642761418e-02
6.603677328408175118e-02
5.250351589100256400e-02
8.260823340471602771e-02
8.128483514591197667e-02
8.151555320138391403e-02
7.895739229611156706e-02
6.647120618791735325e-02
7.970608818191989020e-02
7.786618660676622450e-02
8.130101474098741510e-02
6.989751427026105746e-02
7.618468812890651087e-02
7.018869326297882960e-02
6.940498418498930455e-02
7.187277243881637356e-02
7.508300614067885126e-02
8.267081440735390974e-02
7.882785140084896947e-02
8.238524590966006533e-02
7.879893306293669908e-02
6.882664111289485409e-02
6.863611925001045222e-02
6.651691788348569612e-02
8.660786203587934884e-02
6.383037001064149896e-02
5.197391414066862558e-02
7.587419669551298540e-02
6.397334695094858414e-02
7.037250949238768594e-02
5.917565614658139989e-02
6.232833519779187176e-02
6.525838772889820671e-02
5.291479703324095812e-02
6.979176229467154435e-02
7.273629691580449363e-02
7.562803786652314009e-02
5.788924218608892253e-02
4.955170940739540147e-02
5.830527772971976636e-02
5.096732152167842561e-02
5.487673482836466499e-02
5.640855947859365477e-02
5.120534044485922087e-02
4.997693744333707444e-02
8.553374130573225542e-02
6.895282179288458879e-02
6.429841834242876197e-02
5.632599013902741397e-02
4.516635028843123817e-02
7.660260788513545416e-02
4.882368442885530457e-02
6.233014049889836622e-02
5.793711063242727027e-02
3.170645362371793397e-02
4.095966667504680886e-02
3.449152395002295229e-02
2.958665927632490172e-02
3.760150154516432586e-02
3.179051737342847295e-02
4.414667050020467526e-02
4.710172388794302972e-02
3.016524875990573423e-02
3.860616713939868383e-02
3.826123131331751748e-02
3.404271175315563142e-02
2.239280088413886718e-02
3.175045030567268112e-02
3.501715917496271702e-02
3.739071174636077188e-02
3.462125928815722176e-02
3.869938143302915218e-02
5.032756362370094383e-02
4.734341683931171663e-02
4.398022757175884534e-02
5.729801820061224821e-02
5.329982989097997031e-02
5.454602766878302589e-02
3.549013287597305860e-02
4.294197957979914437e-02
7.591838352589093397e-02
6.627386356696095271e-02
5.249773000238044940e-02
4.918675563101244930e-02
6.987472995581606172e-02
4.853303795824308320e-02
5.250847318635260691e-02
7.387429092377657824e-02
3.636366492974382053e-02
5.305329788346242054e-02
7.909628445418745435e-02
5.534280001353726608e-02
7.094230922321326238e-02
6.862905719500264623e-02
5.761789727374384829e-02
6.670562613856102774e-02
5.547132073992398077e-02
7.202369706391767434e-02
5.101621690520043856e-02
3.279954877612017289e-02
6.077280811851025477e-02
8.505360000781676810e-02
1.420331123040425580e-01
6.457732227695388294e-02
6.795844505653243772e-02
6.377283678379065679e-02
7.720841388854594867e-02
6.569828556430074018e-02
6.861497060128676773e-02
6.838206824514653226e-02
4.908983909444182558e-02
7.950921300690295956e-02
4.357686593997364688e-02
7.550511135153735454e-02
6.109631022470465855e-02
9.034318824397104264e-02
7.407245525073984094e-02
5.628694730849145150e-02
5.677317025468330003e-02
6.607783340789226412e-02
8.956832243287286832e-02
6.842525060176987695e-02
5.967810692252512039e-02
6.650101333217797728e-02
6.810306733585774763e-02
6.827018202598136853e-02
6.685083895426960354e-02
6.544027841381172550e-02
6.386586538412378222e-02
7.727747770611829992e-02
6.727899285083756287e-02
5.232146200481740256e-02
7.104159349095957865e-02
6.590483821516394947e-02
5.009105380092222087e-02
6.084454980011776842e-02
4.370299636488116785e-02
4.887147738142137016e-02
4.640821158949808706e-02
4.577347618319168449e-02
6.015345820878448269e-02
3.902866471287862876e-02
5.738656267369823122e-02
3.635977219739033872e-02
5.245038541035713930e-02
4.852080617033979748e-02
4.621950926301129220e-02
