2.614157675258705349e-01
1.954093094108492190e-01
1.698276781835099114e-01
2.547903564959047018e-01
2.074854154620228708e-01
1.350830077159816955e-01
1.138763680992642968e-01
1.527349773973883940e-01
1.720062167482258042e-01
7.997968512139060071e-02
8.381897781171981920e-02
5.584828600048378361e-02
5.442002757358829768e-02
1.029164433417586177e-01
1.229019971453150645e-01
7.731756278052533127e-02
7.324913159799104068e-02
1.211611292442902749e-01
8.414805437770286889e-02
1.018037392674784603e-01
8.661000738993761272e-02
7.039740876986133600e-02
8.893891066982656524e-02
1.179707940099164742e-01
7.558162594340780971e-02
8.598453728237770433e-02
5.575367763284307110e-02
7.393740766879640380e-02
1.064917283019769928e-01
7.344400555310356959e-02
5.293098871524298810e-02
7.565624218745919949e-02
6.320026769555960044e-02
1.440548955962157873e-01
1.201142599782238085e-01
7.813511278814970484e-02
7.407796404769988186e-02
1.025849643804768729e-01
9.833078554964164164e-02
1.013951633082448567e-01
6.203745213542727344e-02
9.440797513278331721e-02
8.412284529835763192e-02
9.240129211171189960e-02
7.092665260064258403e-02
6.406418622539884755e-02
8.192078090357333975e-02
8.534239407004863553e-02
9.215207319656401608e-02
7.634438668802939754e-02
7.024194061379819554e-02
5.893827887076107802e-02
9.084037125713156913e-02
6.689088563853977376e-02
8.238935395593213751e-02
6.437265687834839434e-02
7.172245306827799982e-02
9.170974417180531579e-02
7.183487401230709279e-02
6.156869436564922637e-02
8.153924808456651518e-02
7.961101523090781396e-02
8.173188879815616870e-02
8.396123909440633692e-02
8.384251549343670062e-02
8.442829522821621024e-02
7.406207920349144880e-02
5.579506445046691909e-02
7.884935269556604676e-02
5.456910228144697811e-02
4.715145823975258610e-02
7.537921984311479751e-02
6.922729549207898292e-02
6.288445830652199253e-02
6.120134563283514267e-02
6.009728735506239539e-02
6.740631194984891827e-02
6.535801138573117675e-02
5.704173452998154842e-02
6.667330214299474478e-02
6.872780612050366500e-02
6.455928040449286642e-02
4.264906673751323041e-02
4.334249906387992873e-02
5.967661345630224934e-02
5.887858014646022570e-02
5.694606889099647351e-02
5.437202639989326819e-02
5.168610700422137522e-02
8.614230147454995934e-02
5.213232428294906767e-02
4.810456527088833451e-02
4.827924083625692586e-02
6.234801702207552754e-02
9.289289821461713115e-02
5.969760164644704464e-02
6.073523627466827224e-02
3.772673668953414883e-02
3.025839521822653796e-02
3.603872733533824979e-02
3.583374703597339006e-02
4.266406757612806883e-02
2.796102848685516964e-02
3.348922477351307797e-02
2.750832348828389368e-02
3.780322521719608336e-02
3.755631566249881259e-02
3.129193261615223487e-02
4.262353306850704543e-02
4.277318049308707903e-02
3.472119033529350030e-02
3.808319425452727502e-02
2.818010483785772860e-02
3.319501765516912062e-02
2.892560097286205056e-02
3.250078834721466942e-02
4.057610321432576078e-02
5.451482747880650320e-02
3.545988137138415125e-02
5.570744974993063758e-02
4.436184950646273467e-02
3.687565013909397532e-02
2.856948719626259403e-02
3.613995038281794109e-02
5.595190605280957880e-02
7.073647769604983482e-02
5.156691553102889930e-02
6.967436350378897192e-02
4.950955482908923899e-02
4.992669594347143996e-02
7.197665267005937118e-02
6.030781647439206056e-02
5.750608799283547096e-02
4.225407644002505958e-02
1.074739440817350927e-01
7.547044798972873947e-02
6.602770807483154814e-02
6.548675124666732128e-02
7.508271203441899133e-02
5.055763152871657617e-02
6.902957979870048832e-02
6.421785451817173251e-02
6.139252115430425538e-02
6.018253289061049893e-02
6.738141613921354300e-02
3.938016169773615044e-02
8.255662893105447653e-02
5.338667371747360391e-02
7.835110990534510655e-02
8.797905040585878023e-02
9.504126887604112672e-02
7.244712291407348626e-02
6.904629025470163106e-02
6.395646772233624933e-02
6.544110125594369831e-02
4.689601968371842622e-02
3.821749256250808746e-02
6.962144072171679021e-02
7.292966865573320689e-02
6.300754633522706594e-02
7.241832380781079714e-02
5.467035629749265879e-02
5.758819829260310164e-02
7.321015546323461631e-02
8.003250404314961319e-02
7.829101899993189118e-02
5.088324746581095875e-02
8.172560583630666953e-02
5.131164101576977249e-02
6.631178648657126695e-02
6.337362873532638441e-02
3.632370792489063305e-02
5.834022455602425050e-02
5.709219184589869184e-02
6.692708723248505520e-02
6.195915633864030464e-02
5.407524540971642146e-02
5.431521362803505559e-02
6.195606199943099607e-02
6.241755808985691850e-02
6.486365710593562650e-02
4.859124266155026572e-02
5.874089886115822778e-02
4.896018042235238815e-02
4.421985240710946119e-02
5.065889265431957472e-02
5.516118393809352899e-02
5.419263771937378460e-02
5.159870076114737858e-02
5.089241849758456560e-02
5.428037827253631709e-02
