2.962119358491743237e-01
2.397076429979574652e-01
1.618994276320391001e-01
3.019825103842859182e-01
1.999647802168161848e-01
1.412925826489720149e-01
1.023172846434024924e-01
1.456048897683507037e-01
1.583721588839141770e-01
5.883128872226244671e-02
1.165384802683878118e-01
5.320944487816411939e-02
5.749504117534796205e-02
9.731137663754604872e-02
1.049498148579691842e-01
6.979335640494363502e-02
6.984970408994833901e-02
1.045686004761439691e-01
5.728726202233670739e-02
7.208349783580068892e-02
7.831699425699116535e-02
7.644285864130007102e-02
1.000926468811614567e-01
7.178766906829395222e-02
9.145688695130652079e-02
7.521943030241651229e-02
5.728831490153157152e-02
8.261864360074058777e-02
6.291662145698076469e-02
8.691202282677816526e-02
5.167138264114772006e-02
1.240588067260699340e-01
6.641256855644639412e-02
1.436276060384459319e-01
1.044609133467778034e-01
8.003002370228425033e-02
7.892196233722459375e-02
9.402757349652861307e-02
7.012766291400267249e-02
8.355067094330581590e-02
6.811955494526189536e-02
9.605526998688979079e-02
9.532989249754973693e-02
6.428112356194282118e-02
8.593468305046686462e-02
1.016949125070701621e-01
5.815496323793314937e-02
8.040812906758836032e-02
8.616131006304703077e-02
7.387881071717800063e-02
7.522749289610117240e-02
7.724906674080997404e-02
7.781095281398822672e-02
1.062035113382726464e-01
6.297148702388134789e-02
8.288345947448881590e-02
7.981094591550395856e-02
8.299585411226209630e-02
7.632983783079880236e-02
5.835155761263015328e-02
5.589918789876700128e-02
7.885946561419286682e-02
6.110848001549369635e-02
7.609517884382595299e-02
7.520616071409501335e-02
6.667954276193249763e-02
6.877917364670606271e-02
6.399859076420404136e-02
9.204922479031296678e-02
6.495901304625395500e-02
6.686119523561502576e-02
7.681468993658600863e-02
6.345932536981702121e-02
6.836835720178406628e-02
6.588376180632334045e-02
6.032321475699681940e-02
6.671917945272462513e-02
6.065941563927325364e-02
7.660696391591721721e-02
6.184426232060473427e-02
5.384544406158554147e-02
6.147836048430217748e-02
4.191876280932185783e-02
5.499920616304902060e-02
6.155252430072988973e-02
5.836260617193942540e-02
7.007037656990426633e-02
4.460931237976579339e-02
5.985819043315800114e-02
5.932123763033739228e-02
7.585585092930265116e-02
7.173997242447098521e-02
6.649870158934925723e-02
4.743259914753793216e-02
7.422835368140756618e-02
5.230999020537144273e-02
5.008944024726285499e-02
3.827530952743915527e-02
4.808969577140037588e-02
3.152383302989773123e-02
4.074293196965362435e-02
3.106722403164787968e-02
4.396893969266764401e-02
4.100571518986319969e-02
3.144148268251435729e-02
4.695728391165882032e-02
3.857252774393483269e-02
3.045255997079786628e-02
2.362015380863760269e-02
4.713893837343988841e-02
3.723542916127132313e-02
3.151444506990441069e-02
4.539076350064853715e-02
3.442867051020759989e-02
2.036522568016673612e-02
3.362612032888245839e-02
5.748632085250430374e-02
3.852022944763473095e-02
4.110905744827070274e-02
4.714042617268736357e-02
5.714498540819851202e-02
4.598751956125489426e-02
3.008074057425046827e-02
3.810480384483375810e-02
4.716656087117061802e-02
6.439443990847451560e-02
4.778538711254665811e-02
5.281265380639848378e-02
4.825671314298959208e-02
5.832436983213041409e-02
6.247762426660244395e-02
5.638145915472327768e-02
6.609013424486361032e-02
5.143459471023486412e-02
6.483392657740087717e-02
6.756482040002864675e-02
8.318254102312713782e-02
5.404852656221020846e-02
6.356914007005147471e-02
6.340240965462561051e-02
5.740465712002829068e-02
6.516274632885009355e-02
6.564229723078088274e-02
5.699380975522294612e-02
6.565429494486525741e-02
6.135938636977553151e-02
1.059808929177729342e-01
8.115701596032268150e-02
7.018653618167176866e-02
8.494433394041271679e-02
7.302812986754389502e-02
9.368880896046216655e-02
6.803914603802735384e-02
4.787763375137627647e-02
4.808426558846091298e-02
3.788289566301703687e-02
6.362776065990236041e-02
8.288925545895919900e-02
9.146026326516956684e-02
9.459694090397867405e-02
7.036119779383281925e-02
7.966912638561167437e-02
6.810292881166764289e-02
6.611743275498850603e-02
7.238093244535392934e-02
7.484144555506595797e-02
6.493282845171757800e-02
8.182694286726821531e-02
6.413741684616269811e-02
7.984237415503935009e-02
6.550111355282277337e-02
5.641998439298073070e-02
7.256725698518998180e-02
6.451215906365127817e-02
7.085175107779503878e-02
5.366075016961189409e-02
6.469334067760294793e-02
7.752910753493653939e-02
6.471153193598692954e-02
5.683803022602840899e-02
6.835607768544095519e-02
5.558159745258119816e-02
5.225754920482781479e-02
5.241164573133209881e-02
5.953313500629529853e-02
5.401306265864447981e-02
6.467032406221960572e-02
5.845971448048427332e-02
5.583781980630993930e-02
4.877495317049211632e-02
5.154397879587716003e-02
