3.494244225302864382e-01
2.331223257435344476e-01
1.885198569034741145e-01
2.830436375676004812e-01
2.413414210737421794e-01
1.449294221430746654e-01
1.204515554144860168e-01
8.225067222727995564e-02
1.608364799301544301e-01
6.692944498197093972e-02
1.174357713888077859e-01
4.374424451479980158e-02
5.260109406491940420e-02
1.074517488645712754e-01
1.014018590428161504e-01
8.368347034950215924e-02
6.400676287946661935e-02
9.343093732466316303e-02
5.928883968116497455e-02
7.757659137609310140e-02
7.937143837691211512e-02
8.716083417515187171e-02
8.301770914871495211e-02
7.815728958817011462e-02
9.564269558962847084e-02
7.454484320898559224e-02
5.907524896119331625e-02
6.553085555311669030e-02
6.479292115868004465e-02
8.615544549764769799e-02
7.055867134932825024e-02
7.274832996199592783e-02
6.326217419184271273e-02
1.463433075593917332e-01
9.982128546188012708e-02
9.186881566940317823e-02
7.262181719377509836e-02
1.194381496364707584e-01
7.215236277048026059e-02
1.081831049574590586e-01
5.525011918783993836e-02
8.539970397674619129e-02
7.850419281516382575e-02
8.746349803239439336e-02
7.443756138235016473e-02
7.674029014472741328e-02
6.385582956954888312e-02
8.389580741529324703e-02
7.967816202550105642e-02
7.380966399217098184e-02
8.565127527396024232e-02
6.489445277883089391e-02
8.328651133914688476e-02
7.763551146798827740e-02
5.951331577919394961e-02
5.969156249783148793e-02
6.672056317321602148e-02
8.044285636064656131e-02
8.093750993290839413e-02
6.320810109795522991e-02
6.313795165790409003e-02
7.431324339208857099e-02
8.193481107031466704e-02
7.792036081411896076e-02
6.485688099795730577e-02
6.777130613085659283e-02
7.190320030778343807e-02
5.813780004540832630e-02
6.835276371986691302e-02
7.809159762049230902e-02
5.297951451026856884e-02
8.528787788238817447e-02
6.392271717791649099e-02
7.296017690122132138e-02
8.150235121834155383e-02
6.976915549031421915e-02
5.641007614896859090e-02
5.380276846600868385e-02
9.170440387567742324e-02
6.239431752304473028e-02
5.803671108125366823e-02
6.009118964128964263e-02
5.461825268909889508e-02
5.662695324191760471e-02
4.349841478238341413e-02
5.225103869563849784e-02
9.124227847520208212e-02
7.238268480300748264e-02
3.834112403126315599e-02
6.613072796318213153e-02
5.919981047430249860e-02
7.628651429672765605e-02
5.129432332364791680e-02
4.217429572513436281e-02
6.436711620553517421e-02
4.795090351519518818e-02
5.599450251229293185e-02
5.068287443525998359e-02
3.688584972160934006e-02
3.912919364011528678e-02
2.341558847581425018e-02
4.412362698562007080e-02
3.652516735094265415e-02
3.425284366437366529e-02
2.912292202530406687e-02
3.074592257487947580e-02
6.045956104222492689e-02
3.234942246608261962e-02
2.991389023282589252e-02
3.982344949949750967e-02
2.376372811669433260e-02
3.173483652151214141e-02
3.297848343279356775e-02
2.091519288217616457e-02
3.355525324853667057e-02
3.123048466373626320e-02
4.355590935330552055e-02
4.021427634909350429e-02
4.523584300469080111e-02
4.395880031980714531e-02
6.983713203321084695e-02
7.212965256700709649e-02
2.667767951639894025e-02
4.459744667162968829e-02
4.481031197230868346e-02
6.236741772796779160e-02
4.745201371673056501e-02
6.744709036241423872e-02
6.108188987152228522e-02
4.513909830691090891e-02
7.573421480987345411e-02
7.232896151398450491e-02
6.464086007718901350e-02
6.717334522337460589e-02
8.213599801272973566e-02
6.131228721757281397e-02
6.205825603440996013e-02
5.477242180354203321e-02
6.836661089981319051e-02
5.517791707035542975e-02
6.233732717616658620e-02
5.494725355223098462e-02
6.280672441113542559e-02
4.785104725243276291e-02
5.671738166020249411e-02
5.772800248307240895e-02
5.198665740660492890e-02
3.272739079203441925e-02
4.480431196655026982e-02
8.869671697394225507e-02
7.691378397545951817e-02
8.620147767815269924e-02
7.489966964004422800e-02
5.465981675748452645e-02
5.486292391501915860e-02
5.281310394309444295e-02
5.579913515332395740e-02
6.009564442935125955e-02
6.742862163912811957e-02
7.902920518841199948e-02
6.395056554932544712e-02
5.971199432661167261e-02
6.947371736890377292e-02
4.884530338764517254e-02
7.546165458829243167e-02
7.565584557442997515e-02
6.845861422332025215e-02
6.943638355392844907e-02
6.715515012432914099e-02
6.385386916851554240e-02
8.469066370105542141e-02
7.356151026039953189e-02
7.033716335723554092e-02
6.207858641542480377e-02
6.492825494015827537e-02
6.794755273259310557e-02
6.569000041192202266e-02
7.231535450320696057e-02
5.576834362661433481e-02
5.558559366643660293e-02
8.194775794469472130e-02
6.623823914631414567e-02
5.276110547116349275e-02
4.328450854972750589e-02
4.361697090846944347e-02
4.869993939668604971e-02
5.302248990238491583e-02
4.452118644393267266e-02
5.426915401403671624e-02
5.239550818769707352e-02
5.244847711742361279e-02
