2.608035059948078938e-01
1.719509798118917798e-01
2.148546047640467471e-01
2.875258467325099154e-01
2.322057630648044213e-01
1.342692874601680297e-01
1.157360426507487577e-01
9.752896587841011766e-02
1.862012174002597442e-01
6.423188927552396510e-02
9.104575713056589636e-02
5.719113092957035793e-02
5.674864825800372825e-02
9.766535844936685695e-02
1.232040084781643730e-01
8.394780584348096597e-02
8.925616317063367333e-02
8.686788637808642854e-02
7.827830158450103937e-02
9.850176862975096315e-02
7.445953231548978202e-02
7.127461682647433239e-02
1.030554364928163991e-01
9.417903109470357470e-02
9.031754090649311839e-02
5.554251399549514634e-02
5.631028319359614176e-02
7.553741356692030007e-02
6.460088256769876136e-02
8.879005096918975160e-02
7.109181114212653751e-02
1.095154360040404840e-01
8.094728719811532247e-02
2.263855930532803762e-01
8.120392688307129236e-02
7.563484423757178832e-02
8.074673704048727918e-02
8.898686711904932323e-02
9.913704661380311201e-02
1.293903958617106664e-01
8.163760728589578020e-02
9.734441926581734184e-02
7.738414616200041396e-02
9.439317158871556035e-02
6.739057953128016476e-02
7.610117335443872255e-02
5.384692280581036827e-02
8.832959653620245377e-02
8.352584298170903643e-02
7.670582858938362891e-02
8.168537563442786198e-02
7.681761186498983762e-02
9.259977744770248043e-02
1.119052429047484032e-01
6.351928686649171985e-02
6.931505125215232932e-02
1.116418028384302541e-01
8.152685051218389045e-02
7.091635684796888939e-02
6.436608909016969249e-02
7.242316254601931236e-02
7.121251644755716148e-02
8.037205791206628036e-02
8.674849475048616865e-02
6.360748106510449862e-02
6.678259619517851187e-02
6.615028844258019625e-02
6.099001614276435002e-02
6.981240984660483373e-02
7.861543201122317415e-02
5.545463167385693282e-02
6.955870939688561794e-02
6.393880013872033086e-02
5.878329392057113356e-02
5.743692441675678217e-02
5.900935194777281317e-02
6.420383824532752137e-02
6.243435893662154651e-02
7.997310647228196567e-02
7.525266802913516129e-02
7.136443130439711069e-02
5.850725046294839166e-02
4.047852212396146204e-02
4.836428961198280252e-02
4.987249403449073304e-02
5.272156837166822041e-02
6.246292875050463850e-02
5.083644829789321640e-02
4.204054121146050954e-02
6.963113534796652737e-02
8.047621307054421413e-02
8.808207940273175829e-02
6.238876615587270885e-02
3.694793289311450873e-02
6.807907799505713564e-02
5.198303403833681030e-02
8.406134213885249618e-02
5.370004961248003167e-02
4.628056184909801890e-02
3.012939374757973507e-02
4.214548508955573425e-02
2.973264387351817056e-02
3.073231981942536536e-02
2.952020132585814888e-02
4.233894155231529566e-02
3.380511369603596272e-02
3.479682746601120424e-02
2.727147304744862236e-02
3.032888785299853174e-02
5.796403201754105755e-02
2.290866087993372047e-02
2.681794417908198863e-02
4.511830174600620080e-02
2.322358573719658301e-02
2.183450176154976691e-02
4.088283356548167574e-02
4.851822925834940042e-02
3.586326544671546851e-02
2.632255926878194693e-02
3.939471602341799994e-02
3.814794753698730334e-02
5.899252475595952172e-02
3.123056469226383192e-02
4.665445613670204938e-02
5.049822361031147677e-02
5.356579070204471604e-02
6.168509761959799914e-02
5.195482338978905934e-02
5.895922970592362006e-02
5.175058415615656215e-02
8.055312153318530677e-02
6.788074360381841921e-02
6.777434041456285863e-02
5.808895033606106817e-02
6.735998073291478427e-02
6.051728190853587069e-02
8.309409865569612752e-02
5.584534927828008199e-02
6.775183657796804426e-02
5.881363460264689424e-02
6.469819067538476465e-02
6.729314845890965735e-02
5.189452270648828996e-02
5.430747426212585716e-02
6.975759383871230068e-02
5.769948780951140305e-02
6.175745055171593528e-02
5.690432879767515217e-02
8.492710235689365783e-02
8.055071902110615134e-02
7.497918673123440958e-02
7.074341281257322256e-02
6.856795426237467794e-02
5.818662498064537669e-02
4.658438157542647146e-02
6.196989813525818902e-02
5.131788701833104455e-02
6.890137422764036623e-02
7.237075666080496072e-02
7.968381007823656381e-02
6.213582917026171798e-02
5.468985476373499494e-02
6.170969137625482992e-02
6.828179461998201694e-02
6.193974996156531576e-02
7.067844646045629009e-02
6.379685377958062287e-02
7.855637945286132739e-02
7.784357199462708932e-02
6.245878422054534918e-02
8.256304611976678087e-02
6.321327479982358222e-02
6.390730613096681778e-02
5.591996694160018128e-02
6.204532544233273134e-02
5.177313325574595809e-02
6.489930041873805122e-02
4.559664626735305398e-02
5.342840423974979519e-02
6.091190128295619066e-02
5.591632471844219798e-02
5.352866584690013640e-02
4.544833910961623008e-02
4.780831232996583802e-02
4.719315427408566493e-02
4.320726455144689726e-02
5.581244146738279649e-02
5.934015802379667692e-02
5.118650103976137011e-02
5.745246937824662059e-02
5.171655470587925574e-02
