3.250473069808664794e-01
1.819228666735895616e-01
1.757201908069650764e-01
2.242356829140102203e-01
2.107227608758625303e-01
1.610251743481309894e-01
1.147859321515531661e-01
1.028698852836865407e-01
1.739695120390920835e-01
8.563629334373443203e-02
7.896468902064374129e-02
5.602521709528886229e-02
5.787672519654796927e-02
7.963119202990094625e-02
9.489386421029560870e-02
6.286675679676684281e-02
6.562240995306940772e-02
9.717027921667903412e-02
6.713983913175385065e-02
9.009750366893205797e-02
6.036282029944013694e-02
7.152561603841713078e-02
7.910595049602506257e-02
1.052930984097563277e-01
6.879044655092657334e-02
6.033127757657162638e-02
5.485406070229808390e-02
6.652666078999018573e-02
9.000060207094606746e-02
9.498987391149688042e-02
7.895087433859651616e-02
7.518510216445677130e-02
6.511823389029718079e-02
1.487701907049195638e-01
9.789142116816317019e-02
8.244436839841659537e-02
7.981751640385062463e-02
9.868024627801576243e-02
7.421801112868857409e-02
1.063549926591131206e-01
9.082458429787894361e-02
9.304797465606988449e-02
1.053359672669424013e-01
8.536003435805730732e-02
6.599788410428587826e-02
5.080995297597867832e-02
6.855085763006824040e-02
8.016270406834803686e-02
5.929696649979982609e-02
8.027287968285201636e-02
8.692808173518513926e-02
7.975551877140349410e-02
8.932740041266018505e-02
7.393195401995163174e-02
5.413992785163222049e-02
6.799211431205806622e-02
7.831351981759568370e-02
7.503902599855992450e-02
6.592897512628251300e-02
6.656296447328274857e-02
6.861430272180764345e-02
6.857950131326531751e-02
7.606746352051761695e-02
7.741093799721288082e-02
6.649703043187542295e-02
5.854883657007234343e-02
6.548319773863213455e-02
7.225385973506714965e-02
6.307239686195355299e-02
7.374615765088347874e-02
5.297487297862497196e-02
8.166839425155454635e-02
7.363376991459096021e-02
6.559076993405935085e-02
5.465133194316534881e-02
5.794519007631803581e-02
6.682788547214234265e-02
4.469174067965020480e-02
6.825562400458759504e-02
6.507034743085998718e-02
6.417602563452259878e-02
5.488571416388915436e-02
4.926403600399601596e-02
5.133583923492963247e-02
5.966120074032552068e-02
5.462717483817439157e-02
4.954151423601448057e-02
4.034392068195818970e-02
4.315401902517640442e-02
8.440163327156019468e-02
6.721760169042564903e-02
4.421198931449912134e-02
4.519638301449543927e-02
5.403446174932373391e-02
7.059914120801696891e-02
6.993484638739391746e-02
5.977582857432982982e-02
4.238724664605523357e-02
3.682542783215649734e-02
3.665267079002700740e-02
4.230955775119028123e-02
2.678779071577445242e-02
4.947424026709663913e-02
4.085007523494282172e-02
4.770156252845209055e-02
6.079620522882173833e-02
4.151879361870706303e-02
2.908355394243312617e-02
3.320166589775146865e-02
5.299343810206638694e-02
2.616359002650682844e-02
3.010077002164757154e-02
2.728227712969017588e-02
4.273314076474265394e-02
2.346343107951708029e-02
4.741515788714881913e-02
3.691271771316452510e-02
3.673731939267833868e-02
3.576450594460760940e-02
4.136112518484661577e-02
4.719182421595451843e-02
5.244185932146828988e-02
3.318422615498069217e-02
4.066361963649590267e-02
4.369900398706563077e-02
5.852405359317858907e-02
3.450889422814645141e-02
9.422734459382704764e-02
6.043095303900608561e-02
5.144495582832954439e-02
6.125494371132216703e-02
6.713003244680149084e-02
4.910904071723075359e-02
6.091012978821921248e-02
7.738852767377182862e-02
4.750906255591844096e-02
7.774492595787049765e-02
7.949063796750435729e-02
6.381226346185751852e-02
6.110467262657252874e-02
6.190969266978296748e-02
6.453502605264352376e-02
4.123119973067581462e-02
4.527346808004078377e-02
6.856656221517816452e-02
6.023359438953309469e-02
7.503263366904253107e-02
5.806670454529885839e-02
4.805225679657868648e-02
8.337269819404548310e-02
9.539213353300585174e-02
9.471934149669303249e-02
5.128331176538781372e-02
5.709246868877866643e-02
4.668746547085696891e-02
5.571314749769579189e-02
5.703854551112992610e-02
6.567054752298384646e-02
5.208382049375275685e-02
9.255226521711180931e-02
5.914480383790902268e-02
6.497908864611190438e-02
6.737544549205781719e-02
7.597605344954426465e-02
7.262195060694878745e-02
6.496059325596297007e-02
6.114836916631997965e-02
8.204588266117217310e-02
6.764001318127980944e-02
7.049562313574757322e-02
8.885818181385840564e-02
6.641832849694333241e-02
6.334191760713051011e-02
7.539259836412429139e-02
6.844435962009445817e-02
5.545004790693198321e-02
6.419908759462042425e-02
4.536272102349207802e-02
5.331264226070877438e-02
7.043792554109738757e-02
6.130427795063812801e-02
4.975926638505084182e-02
5.172826233685372255e-02
5.050100287727476989e-02
6.307344240164751425e-02
6.159802632113959425e-02
6.123021899986050981e-02
5.354510689387253358e-02
5.155496973168015307e-02
4.972486362853442698e-02
5.662112642051432554e-02
