3.413003161950164954e-01 3.413003161950164954e-01 3.413003161950164954e-01 3.413003161950164954e-01 3.413003161950164954e-01
2.000325410650556635e-01 1.750022736001113632e-01 1.750022736001113632e-01 1.750022736001113632e-01 1.750022736001113632e-01
1.561790797754963322e-01 1.561790797754963322e-01 1.561790797754963322e-01 1.561790797754963322e-01 1.561790797754963322e-01
2.527656842719766539e-01 2.289794316341926539e-01 2.289794316341926539e-01 2.289794316341926539e-01 2.289794316341926539e-01
2.244221035333886782e-01 2.201266632399693779e-01 1.955833990692870117e-01 1.955833990692870117e-01 1.955833990692870117e-01
1.679708931836068619e-01 1.679708931836068619e-01 1.679708931836068619e-01 1.679708931836068619e-01 1.679708931836068619e-01
1.076685941522303736e-01 1.245262106505275468e-01 1.910733579906102042e-01 1.910733579906102042e-01 1.910733579906102042e-01
1.120474431427689044e-01 1.120474431427689044e-01 1.152712251699435503e-01 1.152712251699435503e-01 1.152712251699435503e-01
1.646201126824068939e-01 1.948839051065451300e-01 1.646201126824068939e-01 1.646201126824068939e-01 1.646201126824068939e-01
6.222923833116118103e-02 6.781495458804487342e-02 5.895675607991952838e-02 5.895675607991952838e-02 5.895675607991952838e-02
1.051810061337942886e-01 1.051810061337942886e-01 1.051810061337942886e-01 1.051810061337942886e-01 1.051810061337942886e-01
4.965724739888530831e-02 4.924298757615046956e-02 4.924298757615046956e-02 4.924298757615046956e-02 4.924298757615046956e-02
5.903039801581774770e-02 5.903039801581774770e-02 5.903039801581774770e-02 5.903039801581774770e-02 5.903039801581774770e-02
9.832141030380055213e-02 9.938794606722886615e-02 9.938794606722886615e-02 9.938794606722886615e-02 9.938794606722886615e-02
1.136928750660913118e-01 1.137319771930636186e-01 1.086536265558069592e-01 1.086536265558069592e-01 1.086536265558069592e-01
6.801524398394477589e-02 6.692947312986061159e-02 6.948465298289856207e-02 6.948465298289856207e-02 6.948465298289856207e-02
7.309574243306433960e-02 7.331805490103189549e-02 6.816426766879490895e-02 7.273059141352447576e-02 7.273059141352447576e-02
9.398215503628247480e-02 9.600884332381193209e-02 9.600884332381193209e-02 9.631536385668573730e-02 9.631536385668573730e-02
6.543212793555787388e-02 6.108007192853714962e-02 6.543212793555787388e-02 5.931741911694119601e-02 5.931741911694119601e-02
6.728123215206620322e-02 6.728123215206620322e-02 8.067128609271570494e-02 7.736277710650596440e-02 7.736277710650596440e-02
6.837033527890599982e-02 7.839155446278865680e-02 6.837033527890599982e-02 7.839155446278865680e-02 7.839155446278865680e-02
8.315171604312415754e-02 8.315171604312415754e-02 8.655137629062996385e-02 8.315171604312415754e-02 8.315171604312415754e-02
8.613130523194661992e-02 7.299537715530043935e-02 6.903381503645437955e-02 7.299537715530043935e-02 7.299537715530043935e-02
1.189309857285194699e-01 1.116144513307477243e-01 1.116144513307477243e-01 1.185015881722204373e-01 1.185015881722204373e-01
6.440953842499706761e-02 6.440953842499706761e-02 6.440953842499706761e-02 6.035636528244556903e-02 6.035636528244556903e-02
4.785303764469584636e-02 4.785303764469584636e-02 4.785303764469584636e-02 5.935660165637494240e-02 5.935660165637494240e-02
4.737043036413848135e-02 4.432759322319256012e-02 4.432759322319256012e-02 5.321387833796860367e-02 5.321387833796860367e-02
8.601780929619720628e-02 7.135953864563333859e-02 7.377222132202736204e-02 7.135953864563333859e-02 7.135953864563333859e-02
8.470995228205480121e-02 7.370136610612930406e-02 7.370136610612930406e-02 7.370136610612930406e-02 7.370136610612930406e-02
7.113748713228335019e-02 7.378980023581586944e-02 7.378980023581586944e-02 7.378980023581586944e-02 7.378980023581586944e-02
7.490922389653385804e-02 7.005902565508134727e-02 7.521407527378147495e-02 7.521407527378147495e-02 7.521407527378147495e-02
8.568818465963472242e-02 8.756907847939016110e-02 1.019807567381836172e-01 1.019807567381836172e-01 1.019807567381836172e-01
6.241983194741640428e-02 6.241983194741640428e-02 6.899395427535065517e-02 6.899395427535065517e-02 6.899395427535065517e-02
1.403112637777736982e-01 1.175881795660249501e-01 1.140840903573427101e-01 1.140840903573427101e-01 1.140840903573427101e-01
1.186272146419809909e-01 1.186272146419809909e-01 1.194349910567202994e-01 1.194349910567202994e-01 1.194349910567202994e-01
5.708232288752711214e-02 6.542711933066920615e-02 7.623114860547265670e-02 7.623114860547265670e-02 7.623114860547265670e-02
7.248872627166511040e-02 7.248872627166511040e-02 8.841731453326354129e-02 8.841731453326354129e-02 8.841731453326354129e-02
8.264006176922916724e-02 8.264006176922916724e-02 9.724116080451054855e-02 1.172568176611120810e-01 1.172568176611120810e-01
9.662489965887610666e-02 9.662489965887610666e-02 9.662489965887610666e-02 1.041739222552382493e-01 1.041739222552382493e-01
9.489421216022499161e-02 7.952754140987849940e-02 8.432553502693858338e-02 1.010782260390295784e-01 1.010782260390295784e-01
8.529361918246508578e-02 9.564704948309257770e-02 8.740964537803658230e-02 8.697717478040623007e-02 8.697717478040623007e-02
8.458534620472418775e-02 8.344703117949593685e-02 8.458534620472418775e-02 9.158304960142653328e-02 9.158304960142653328e-02
9.620588043609072659e-02 9.620588043609072659e-02 9.620588043609072659e-02 1.095807665551934706e-01 1.095807665551934706e-01
9.366245091693840841e-02 1.149083351955948878e-01 1.149083351955948878e-01 1.189960127680630281e-01 1.189960127680630281e-01
1.125012602674744372e-01 9.563432156108642168e-02 9.563432156108642168e-02 9.655605269638363464e-02 9.655605269638363464e-02
8.958773374165013292e-02 8.026675747090024349e-02 7.960867528791717995e-02 8.958773374165013292e-02 8.958773374165013292e-02
7.170832984076570826e-02 6.552142425580857743e-02 6.569519205245692717e-02 7.170832984076570826e-02 7.170832984076570826e-02
7.438886327900794126e-02 6.986759340638559745e-02 6.986759340638559745e-02 9.226629808104708230e-02 9.226629808104708230e-02
7.076112067419136620e-02 7.165687443339309459e-02 7.165687443339309459e-02 7.105407194284536765e-02 7.105407194284536765e-02
6.546431871418770254e-02 6.546431871418770254e-02 7.177180060538587703e-02 6.649634421432822073e-02 6.649634421432822073e-02
8.144640845843520438e-02 8.144640845843520438e-02 8.144640845843520438e-02 8.750170671667083233e-02 8.750170671667083233e-02
8.092403542418598328e-02 7.099238384661722689e-02 8.092403542418598328e-02 8.975511949552865409e-02 8.975511949552865409e-02
5.865067224198412810e-02 5.865067224198412810e-02 5.865067224198412810e-02 7.481549546559632113e-02 7.481549546559632113e-02
7.482517665711976851e-02 8.178931240433827410e-02 8.178931240433827410e-02 8.633187059023958443e-02 8.633187059023958443e-02
8.792334467942329590e-02 8.792334467942329590e-02 8.792334467942329590e-02 8.117853075413435093e-02 8.117853075413435093e-02
9.191688924106430902e-02 7.922499963336138151e-02 7.922499963336138151e-02 6.915775002710855546e-02 6.915775002710855546e-02
6.969591234847578864e-02 7.758043984020715489e-02 7.758043984020715489e-02 7.935534010015360407e-02 7.935534010015360407e-02
8.108569961101155799e-02 8.157270332122643075e-02 8.157270332122643075e-02 7.707869821844516578e-02 7.707869821844516578e-02
8.009938735018748424e-02 7.238485593334481605e-02 7.238485593334481605e-02 7.928072270582378622e-02 7.928072270582378622e-02
5.845455116149084890e-02 5.845455116149084890e-02 6.374243762455349127e-02 7.022867902243400129e-02 7.022867902243400129e-02
7.064650799218960553e-02 7.064650799218960553e-02 7.064650799218960553e-02 8.631316938614291834e-02 8.631316938614291834e-02
6.796843250343270748e-02 6.796843250343270748e-02 6.796843250343270748e-02 7.443760048435063559e-02 7.443760048435063559e-02
7.457749732142783528e-02 6.311133777339131279e-02 6.311133777339131279e-02 7.457749732142783528e-02 7.457749732142783528e-02
8.717981212803424529e-02 8.465407463723252646e-02 7.888967842707217404e-02 9.030256829121104112e-02 9.030256829121104112e-02
8.137756844000755552e-02 8.137756844000755552e-02 8.137756844000755552e-02 8.724178577676962310e-02 8.724178577676962310e-02
6.926850031555251141e-02 7.166010073714433604e-02 7.166010073714433604e-02 8.163195998536901254e-02 8.292750807333564012e-02
7.087297246589926991e-02 7.087297246589926991e-02 8.010005426674789153e-02 8.547859867446705451e-02 8.532791349185389618e-02
5.962035016201893550e-02 5.962035016201893550e-02 7.150070639994882127e-02 8.432573761297222636e-02 8.583007121369169712e-02
6.537910258322429669e-02 7.562923540297170066e-02 7.828635269874262281e-02 8.962930031699048450e-02 9.068715109467204161e-02
5.695934694849932173e-02 5.695934694849932173e-02 7.524003049641643515e-02 9.796477420536445213e-02 9.846557538142189370e-02
5.588795387487349026e-02 5.588795387487349026e-02 6.527550213776879551e-02 8.863541675923966578e-02 9.185103088660286075e-02
7.432799169225304259e-02 7.018170652361821471e-02 7.032894473117771994e-02 8.833467547509563089e-02 8.881599843103341052e-02
6.292084381227798506e-02 6.292084381227798506e-02 9.173703201454064260e-02 1.224962803743562811e-01 1.252571324897343852e-01
7.135312635016215210e-02 6.384433346022121147e-02 7.971324641292309998e-02 1.112558721108925647e-01 1.142754246321077277e-01
5.938790763277632806e-02 5.938790763277632806e-02 9.953269424209154614e-02 1.262006642692204694e-01 1.263230758333763470e-01
6.077542400199127670e-02 5.962388927213162909e-02 8.303519274582916998e-02 1.226782015288371691e-01 1.193856826028771162e-01
6.223497867522727323e-02 6.223497867522727323e-02 6.500295139240119813e-02 1.081505264916850784e-01 1.068512727035044740e-01
6.282544882369837935e-02 6.282544882369837935e-02 8.037148557345906441e-02 1.153147271391278678e-01 1.183749142177263625e-01
7.052907474449031378e-02 5.793634493500898069e-02 6.349956156448439970e-02 1.093411853159615976e-01 1.121787767083941983e-01
6.015243587624041766e-02 5.505869027035212304e-02 6.071864202885344369e-02 1.288415345046617921e-01 1.374021711714253358e-01
5.398729889741956528e-02 5.048204942628400221e-02 5.398729889741956528e-02 1.078926770969272919e-01 1.132507397728297477e-01
6.637451200387706196e-02 6.637451200387706196e-02 5.546268927244018404e-02 9.890754813510325982e-02 1.089979047249640676e-01
4.624271899813314074e-02 4.624271899813314074e-02 4.811573707825075180e-02 8.127432689386090980e-02 8.362973163459122561e-02
4.288540075287225473e-02 4.288540075287225473e-02 4.288540075287225473e-02 8.247920988348737825e-02 8.379041560793203114e-02
5.033792950942539424e-02 5.033792950942539424e-02 5.033792950942539424e-02 8.615805912204443917e-02 8.702165934577910100e-02
6.222005063198675356e-02 6.222005063198675356e-02 6.222005063198675356e-02 9.289475314470144185e-02 1.016190033989630565e-01
7.844786304766554474e-02 6.616861331965571968e-02 6.616861331965571968e-02 1.055326002179788614e-01 1.188018546361011285e-01
5.035282418763092904e-02 5.035282418763092904e-02 5.035282418763092904e-02 9.682722450991169960e-02 9.661617860076869568e-02
4.588450260524511853e-02 4.588450260524511853e-02 3.979674516080067975e-02 7.809956787295101177e-02 8.929850697773764057e-02
9.562872591212338846e-02 9.562872591212338846e-02 8.335620575662831822e-02 1.068626785487180875e-01 1.178540611112672554e-01
6.766424415830812888e-02 8.678083063423154553e-02 5.680703832756338334e-02 9.450330073612554782e-02 9.413322009644080335e-02
5.611330964046089970e-02 7.529639269552255987e-02 7.529639269552255987e-02 7.585028468699100967e-02 8.041748010763449805e-02
6.185072391007926523e-02 5.580820128361127508e-02 5.580820128361127508e-02 7.947796046898626676e-02 9.393469957292351069e-02
5.347069068047732854e-02 5.347069068047732854e-02 5.347069068047732854e-02 6.961924813693032288e-02 8.956748671358014113e-02
1.108617185769587427e-01 1.108617185769587427e-01 1.108617185769587427e-01 1.084939896504942547e-01 1.013296469570005992e-01
3.040393609209248935e-02 3.040393609209248935e-02 3.040393609209248935e-02 7.509455788823574118e-02 8.877334465347272441e-02
5.706638696560325380e-02 5.813807806416144280e-02 5.813807806416144280e-02 7.044087917984701019e-02 8.229037179261448898e-02
4.210688923666752737e-02 4.578694335920258790e-02 4.578694335920258790e-02 5.825522863465666668e-02 7.854082775511814218e-02
5.451361605324958615e-02 5.451361605324958615e-02 5.451361605324958615e-02 6.690549519076503804e-02 7.593297833553221132e-02
3.516699193827621528e-02 3.516699193827621528e-02 3.516699193827621528e-02 6.207445878281860757e-02 7.675349532735430136e-02
5.520091670944957812e-02 4.639730090649332728e-02 4.639730090649332728e-02 6.078369578596193312e-02 7.808793249941711756e-02
4.763563671901322599e-02 3.360926133721902492e-02 3.360926133721902492e-02 4.731600778679219410e-02 7.134925695930637024e-02
4.821672068645955350e-02 3.864766172670200395e-02 3.864766172670200395e-02 5.334237576483078641e-02 6.639579705892445505e-02
4.181441252390000196e-02 4.181441252390000196e-02 4.181441252390000196e-02 6.203059790008703250e-02 8.744634038683045396e-02
5.255761720901568068e-02 3.083225871865024129e-02 3.083225871865024129e-02 5.034999724272019167e-02 5.518860693006680945e-02
3.275342816841651100e-02 4.181884312114308999e-02 3.275342816841651100e-02 4.587030731798372174e-02 8.159630303107931470e-02
3.579611753490505310e-02 3.423211152391318624e-02 3.423211152391318624e-02 7.437534276515353482e-02 9.488913564690723557e-02
4.393918306043113203e-02 4.393918306043113203e-02 4.393918306043113203e-02 4.687439389169568982e-02 7.174656387756242482e-02
3.199866055832688294e-02 3.199866055832688294e-02 3.199866055832688294e-02 4.049305012906323498e-02 6.555328243657856935e-02
3.795823509817698727e-02 3.795823509817698727e-02 3.795823509817698727e-02 4.671850014705664772e-02 6.546921426810964340e-02
3.278182098495665414e-02 3.278182098495665414e-02 3.947222914700715402e-02 6.596084875266172709e-02 9.204264770701184317e-02
5.204942972401799955e-02 4.173532597312179515e-02 4.173532597312179515e-02 5.663949627940379622e-02 1.026990988716007802e-01
5.016384076302458223e-02 3.548294852956498241e-02 5.016384076302458223e-02 7.372263445380958236e-02 9.989387613865584326e-02
3.309728171622071391e-02 2.978713675386345655e-02 2.978713675386345655e-02 4.435000851664273186e-02 6.493346167510394285e-02
2.857074604225250114e-02 2.857074604225250114e-02 2.857074604225250114e-02 4.533009642738755618e-02 5.639559367466205619e-02
5.267257617208211118e-02 5.267257617208211118e-02 5.267257617208211118e-02 6.504790503095861376e-02 6.766281578401145413e-02
4.468468349551310559e-02 4.468468349551310559e-02 4.811044163613727165e-02 4.948032087667452589e-02 5.972560238393074400e-02
2.887775888433687099e-02 2.760868670766812930e-02 2.760868670766812930e-02 3.977823809861812110e-02 6.409671854731302520e-02
3.048258866681615928e-02 3.476734063163293420e-02 3.048258866681615928e-02 4.120341131386966865e-02 5.937268602762510450e-02
4.568470446943348473e-02 4.123613954691428968e-02 4.123613954691428968e-02 4.568470446943348473e-02 6.786901621402496865e-02
6.540973655653281593e-02 5.246517561068145263e-02 5.246517561068145263e-02 6.540973655653281593e-02 6.660549364062430533e-02
6.757773220978474660e-02 6.077539326709666817e-02 6.077539326709666817e-02 7.351474913754341145e-02 6.481863646162298875e-02
3.348631785290276386e-02 3.348631785290276386e-02 3.271520202494759139e-02 3.578330075062419874e-02 3.369024479996332588e-02
6.131777169496863134e-02 3.999769259885770784e-02 4.979540825831231532e-02 6.131777169496863134e-02 7.137820317225340716e-02
3.943568711336708360e-02 4.315541196116288308e-02 3.943568711336708360e-02 4.734149132635212531e-02 5.166583908864345182e-02
4.913129694912011375e-02 4.913129694912011375e-02 4.913129694912011375e-02 5.721604878710664227e-02 5.494321296794246051e-02
4.385996514548316100e-02 4.455310079569844289e-02 4.455310079569844289e-02 5.848182181327808704e-02 3.838582637712432966e-02
4.993660335430515768e-02 4.993660335430515768e-02 4.993660335430515768e-02 8.205807416632392159e-02 7.394298913389711625e-02
4.607128073606598512e-02 3.758213868655452955e-02 4.577052361415426263e-02 7.288147210334097736e-02 6.543865274408758315e-02
9.305256897408284433e-02 6.736318565994431351e-02 6.709037668651383901e-02 1.002830850473812874e-01 9.543186844786559486e-02
6.404629852465879014e-02 6.404629852465879014e-02 5.954380564327130254e-02 9.246649107978562043e-02 6.725483044744499928e-02
4.201070296201930843e-02 5.990956779449251729e-02 6.137584384798110831e-02 1.007602721642850835e-01 8.089195762728222661e-02
6.824722741949816596e-02 7.154130312858485163e-02 6.948012636041729639e-02 1.202222264145919733e-01 1.043060253924201070e-01
5.532906415900479269e-02 5.532906415900479269e-02 5.929826644743678432e-02 1.176992464836540409e-01 9.866340466665672604e-02
5.677549310532723631e-02 7.625228402082694090e-02 6.408339794622500141e-02 1.054272036553489944e-01 8.024485582892983138e-02
5.427344114995268087e-02 5.427344114995268087e-02 5.553201123420094948e-02 1.160668655156337076e-01 8.922010316293443877e-02
5.398583770675318555e-02 5.445204345101829074e-02 6.180986772903962478e-02 1.222291529062262960e-01 9.099498273851933106e-02
7.389392607893233156e-02 7.389392607893233156e-02 7.389392607893233156e-02 1.333080097840946276e-01 9.028618466088178529e-02
6.643832312739030022e-02 6.834618354387182737e-02 6.945538490353218852e-02 1.286382101248688403e-01 9.440718501160748344e-02
4.988779333409618794e-02 3.723932457330592083e-02 3.723932457330592083e-02 1.388767263008578723e-01 1.221207302323667199e-01
5.885873984787470814e-02 5.885873984787470814e-02 5.885873984787470814e-02 1.337828243440241649e-01 1.187461046095269479e-01
1.024286815564223463e-01 1.024286815564223463e-01 9.816161730431754995e-02 1.422824763400439840e-01 1.439500766843736235e-01
6.689067076116465838e-02 6.689067076116465838e-02 6.689067076116465838e-02 1.325396292101790052e-01 1.230061371667010017e-01
5.795505426827789186e-02 5.795505426827789186e-02 5.795505426827789186e-02 1.037658634363100019e-01 7.692881724803433963e-02
6.454914728082794539e-02 6.454914728082794539e-02 6.454914728082794539e-02 1.471160438680217952e-01 1.233347239638119680e-01
5.502399536476464126e-02 6.920008963189509810e-02 6.920008963189509810e-02 1.217760597948916446e-01 1.225760067083666721e-01
7.777258950913998325e-02 6.138023325430910088e-02 6.138023325430910088e-02 1.560516632790249492e-01 1.519998428817475322e-01
7.276167688518425658e-02 6.539709147278345569e-02 6.539709147278345569e-02 2.038389344387494806e-01 1.653491026795067820e-01
9.008782992532340939e-02 9.008782992532340939e-02 7.124425494795760816e-02 1.550732189653924176e-01 1.388803054868967268e-01
8.858768031955771560e-02 8.858768031955771560e-02 8.768112754040831291e-02 1.462245432474325313e-01 1.307354004208663711e-01
5.300696732810680073e-02 5.300696732810680073e-02 6.641955163061664946e-02 1.379725629386858166e-01 1.296950963698560444e-01
8.148774847902669205e-02 8.467709953977717308e-02 8.467709953977717308e-02 1.783680125153204177e-01 1.804600679159130694e-01
5.659203587013793280e-02 5.659203587013793280e-02 5.659203587013793280e-02 1.435493991148694692e-01 1.263501210921633700e-01
8.843930197689039985e-02 6.356101118019605312e-02 6.356101118019605312e-02 1.401329991886308968e-01 1.217498167220224109e-01
4.132004423408742327e-02 4.132004423408742327e-02 4.132004423408742327e-02 1.029489113871046024e-01 1.103895154038962850e-01
6.104264666591036059e-02 6.104264666591036059e-02 6.512476444377231222e-02 1.259799439581377745e-01 1.470152994349969988e-01
5.867500999575774034e-02 6.429552126713129756e-02 5.867500999575774034e-02 1.226581501513559491e-01 1.288702797485388740e-01
7.671069175748718161e-02 7.413556688603822886e-02 7.413556688603822886e-02 1.082768778653657726e-01 1.067529484692797542e-01
7.651830286777709655e-02 7.651830286777709655e-02 6.727746846713897333e-02 1.352109284685627799e-01 1.371830386222338827e-01
8.597121682540767584e-02 8.621161629791028458e-02 8.621161629791028458e-02 1.050997733879976553e-01 1.261869804381862692e-01
7.807882731327991932e-02 7.876565876824906387e-02 7.807882731327991932e-02 8.352515779885795466e-02 1.037548247010558478e-01
7.327555858626887131e-02 7.374610111109308752e-02 7.374610111109308752e-02 8.625317783435285102e-02 9.153002647538983905e-02
5.798711714479179435e-02 6.636732419531758687e-02 5.953117925272859157e-02 7.599566584816476456e-02 7.655781666609645653e-02
6.905795138455442239e-02 6.905795138455442239e-02 6.905795138455442239e-02 8.579376586222983714e-02 1.086541501564294993e-01
1.031720285710656937e-01 8.926860754471865889e-02 8.926860754471865889e-02 1.078885417117491502e-01 1.093956092059096274e-01
5.947592103251465867e-02 5.947592103251465867e-02 5.947592103251465867e-02 7.296570944904692824e-02 8.791749704366587370e-02
6.578686109897682877e-02 6.182842733808605745e-02 6.182842733808605745e-02 6.578686109897682877e-02 8.131983349986195153e-02
6.252566489132650729e-02 5.872612873937153866e-02 5.532854451258749362e-02 5.872612873937153866e-02 8.556795702854906593e-02
5.327555384237459696e-02 6.704209593249028931e-02 5.327555384237459696e-02 6.704209593249028931e-02 1.005550799453374666e-01
7.328142554520988838e-02 7.328142554520988838e-02 7.328142554520988838e-02 6.999413000366072612e-02 8.340677772938098755e-02
7.697677689180323912e-02 7.697677689180323912e-02 7.697677689180323912e-02 7.719953216078977165e-02 9.490528542180987071e-02
5.439689642873302144e-02 5.439689642873302144e-02 5.439689642873302144e-02 6.190465755118352426e-02 9.965815800550975601e-02
6.930965408669648165e-02 6.930965408669648165e-02 6.930965408669648165e-02 6.784815790906711941e-02 9.548211650888668856e-02
6.139654901073449828e-02 5.355787678098176963e-02 5.355787678098176963e-02 6.139654901073449828e-02 7.614607110118269684e-02
7.433530552069667063e-02 7.435822808381804816e-02 7.435822808381804816e-02 7.782011034716765363e-02 8.885008873556034248e-02
5.151374707679445136e-02 5.151374707679445136e-02 5.151374707679445136e-02 5.391250757872320665e-02 7.614302390625354855e-02
5.393776603733960867e-02 5.393776603733960867e-02 5.393776603733960867e-02 6.198510348325653174e-02 8.654846237497472450e-02
6.435461257709990113e-02 6.435461257709990113e-02 6.435461257709990113e-02 7.552578249694223700e-02 1.080985777834607836e-01
6.391757990301807912e-02 5.902403832521312815e-02 5.902403832521312815e-02 7.212948226311149957e-02 8.468630880145799900e-02
5.934059712487013000e-02 5.291131421073461821e-02 5.291131421073461821e-02 6.502271616417910904e-02 8.509047054497589913e-02
5.835480414204751581e-02 5.835480414204751581e-02 5.835480414204751581e-02 6.234004664605716228e-02 8.034187771476615503e-02
7.178000165116039943e-02 6.700977856060584548e-02 6.700977856060584548e-02 8.026278893818949989e-02 8.065933244913776889e-02
5.105527140255732704e-02 5.105527140255732704e-02 5.105527140255732704e-02 5.783779203782393741e-02 7.524810092677185203e-02
5.127336067321908858e-02 5.919758774451964328e-02 5.919758774451964328e-02 6.807930830949349144e-02 7.470860207196568237e-02
4.889238435820510154e-02 4.543319744970501783e-02 4.543319744970501783e-02 6.077521343106150054e-02 6.796749170404703388e-02
5.315430532268435732e-02 5.315430532268435732e-02 5.315430532268435732e-02 6.361276012916443345e-02 6.614441295607149940e-02
5.248992256382545990e-02 4.757523891184745751e-02 4.757523891184745751e-02 5.988163507399962837e-02 5.916095495313639790e-02
3.837321803861482722e-02 4.501869455290165301e-02 4.501869455290165301e-02 6.532263203520487227e-02 5.544073317159728398e-02
5.195955318795075079e-02 5.072524052179890747e-02 4.925789604057719678e-02 6.224934660943456238e-02 6.464395694502160505e-02
4.257799803598414506e-02 4.257799803598414506e-02 5.012512512508659340e-02 6.715210265887759655e-02 6.106363571644599086e-02
4.482932434404771765e-02 4.710745415801417119e-02 4.568360666200438347e-02 6.618408938659985086e-02 6.840543029732867875e-02
