3.300466514909664029e-01
2.427268990310152419e-01
1.566520241196027452e-01
2.762915325434776026e-01
1.831702742973288778e-01
1.349094784572085759e-01
2.100594323538387542e-01
9.268679052076961300e-02
2.185341680220234395e-01
6.357202537413836341e-02
1.062486096041506400e-01
5.907132802307262648e-02
5.447766628714402481e-02
8.601160730583697067e-02
8.153360281595224690e-02
7.006492796736533968e-02
7.640840273921853387e-02
9.832006161385468956e-02
7.491580098104073937e-02
8.834078824673050057e-02
6.532953079270367724e-02
7.139204747361133085e-02
7.893851447975663849e-02
9.858498453549241480e-02
6.140397021515177356e-02
7.062945139453498389e-02
4.959479129420352878e-02
6.628190101735935424e-02
7.333851085304481099e-02
9.338926387371809801e-02
8.472429795966929245e-02
6.306210148403582072e-02
7.744502319203989960e-02
1.128252865127479382e-01
1.145911744805294813e-01
8.280690921741121202e-02
8.111637857226579318e-02
9.468347958682767074e-02
8.959034090904030578e-02
1.127103007011979185e-01
8.634192938463748634e-02
1.232447619362822405e-01
1.126982179103510062e-01
8.021036894861328925e-02
8.288623724436715301e-02
7.437236021361143257e-02
6.078712209563833652e-02
7.315500197868335386e-02
8.260995517585184578e-02
7.452185392726930202e-02
8.976120466772294360e-02
4.888617104717435380e-02
7.167418546799825263e-02
8.442749695254861408e-02
9.256619808236719871e-02
6.933989775484748763e-02
9.594530825914276972e-02
9.263086160741540454e-02
8.187364629889355705e-02
8.936019991066779244e-02
6.107924708788666640e-02
8.044090344074239507e-02
8.072546350906471824e-02
6.996309177649459587e-02
6.496015992476994461e-02
6.370822833927253237e-02
7.242321528875181325e-02
6.375507049459400166e-02
8.752700044401982848e-02
6.445958870005186192e-02
5.839544433250670047e-02
6.881437872643102194e-02
6.268467564827424898e-02
6.889931698397204485e-02
5.796347950302789542e-02
5.524562871135911546e-02
5.318704428880172141e-02
5.723614745902318862e-02
5.883416101911601720e-02
6.016040432816568279e-02
5.467728001140945843e-02
6.141427122708809083e-02
4.485696067615072696e-02
4.588734983607426626e-02
5.995963766016572383e-02
6.549381442827363620e-02
5.283506630403367321e-02
3.938919805709961003e-02
6.036703891334806865e-02
6.407200439377899737e-02
8.162382661470828082e-02
7.355509927397609060e-02
6.653101558012884664e-02
4.976189118824228541e-02
7.223095880236153621e-02
3.113903304448306653e-02
5.943917022070116518e-02
5.231215853722993858e-02
4.995528472937856013e-02
2.432866600383566322e-02
3.183274178155590800e-02
3.157941243940112080e-02
3.172517252107716346e-02
3.636643868288080839e-02
4.406191717610540015e-02
4.763498365165197423e-02
3.861301048907810757e-02
2.412654132122135642e-02
2.364556494140146459e-02
4.751184211902165916e-02
2.563915259796282348e-02
3.522057093952896123e-02
3.859979102737511741e-02
3.683688634701857284e-02
3.044763459239078346e-02
2.754744583557644164e-02
4.562309491558217550e-02
4.093430618608760035e-02
4.086786719082156905e-02
4.285859821679055548e-02
3.056349743967332055e-02
4.810084629970096115e-02
3.097876806655172621e-02
4.781009598730907861e-02
3.817906751087642159e-02
6.628913197446972827e-02
4.429324533258436475e-02
4.558807821411855338e-02
5.095783457546614742e-02
6.024481854297541322e-02
5.855090505397903683e-02
5.971505116550223508e-02
5.293221792560824646e-02
5.937406197359118565e-02
6.757405679571287793e-02
5.222905050783563374e-02
7.604469323166977712e-02
4.478044426365680036e-02
4.308742568028298831e-02
6.508311428010314648e-02
5.335663438179497758e-02
5.980022991688829087e-02
5.189635640779569764e-02
5.793304273080975703e-02
6.977348975723585145e-02
6.590466734815483840e-02
7.058088064678895435e-02
6.593305840518132177e-02
6.644128307345545381e-02
9.170001370367948657e-02
9.429499442790544028e-02
6.288554364826945409e-02
6.155049662227223689e-02
5.775442620592173559e-02
5.915885697023263307e-02
6.704707995620261263e-02
6.511196266643481945e-02
9.174059610386470220e-02
7.812096932941682559e-02
7.386715720586348177e-02
7.330725690679244788e-02
7.217858561306861320e-02
6.880270978483944699e-02
7.239390614063553886e-02
7.394293967502274523e-02
7.310805250114069120e-02
6.310675708954581464e-02
7.533409508218188999e-02
5.086748781803717562e-02
6.046691781586101960e-02
6.491156342386857070e-02
5.836162808967237242e-02
8.173322373035774024e-02
5.771936897048594861e-02
5.288087511114669681e-02
6.594730713113658438e-02
6.251434194222554863e-02
6.250888770367912795e-02
5.457262330478036827e-02
5.516946937326325934e-02
5.803878411943488164e-02
5.481389687299120100e-02
4.802909896697390296e-02
4.172884885680672173e-02
5.939241558314733993e-02
4.538756923845610469e-02
4.854755958995021076e-02
4.583656205361816283e-02
6.118953135671287985e-02
5.674102933474143434e-02
3.759509319745434064e-02
