3.582940818043180431e-01 3.582940818043180431e-01 3.582940818043180431e-01 3.582940818043180431e-01 3.582940818043180431e-01
2.255376766036005509e-01 2.679134666390806108e-01 2.679134666390806108e-01 2.679134666390806108e-01 2.679134666390806108e-01
1.496390888985421330e-01 1.496390888985421330e-01 1.496390888985421330e-01 1.496390888985421330e-01 1.496390888985421330e-01
2.727472844566323218e-01 2.727472844566323218e-01 2.876137147096028968e-01 2.876137147096028968e-01 2.876137147096028968e-01
2.409571033175760546e-01 2.516194732818505253e-01 2.594471717086196949e-01 2.594471717086196949e-01 2.594471717086196949e-01
1.238411188711467242e-01 1.238411188711467242e-01 1.238411188711467242e-01 1.238411188711467242e-01 1.238411188711467242e-01
1.336075954467348670e-01 1.336075954467348670e-01 1.593801540979385423e-01 1.593801540979385423e-01 1.593801540979385423e-01
1.099524938018748843e-01 1.318214859601577471e-01 1.099524938018748843e-01 1.099524938018748843e-01 1.099524938018748843e-01
1.978913489741308818e-01 2.018295016554199905e-01 1.807950620521577567e-01 1.807950620521577567e-01 1.807950620521577567e-01
9.442229361283639710e-02 8.416284291499534498e-02 7.415404411287973563e-02 7.415404411287973563e-02 7.415404411287973563e-02
7.936036385282886629e-02 7.936036385282886629e-02 8.606191806451075899e-02 8.606191806451075899e-02 8.606191806451075899e-02
6.707938131371725399e-02 6.707938131371725399e-02 6.707938131371725399e-02 6.707938131371725399e-02 6.707938131371725399e-02
4.684609387375841122e-02 4.684609387375841122e-02 4.684609387375841122e-02 4.684609387375841122e-02 4.684609387375841122e-02
1.015590937698832436e-01 1.015590937698832436e-01 9.801805908606055218e-02 9.801805908606055218e-02 9.801805908606055218e-02
1.074839957236914251e-01 1.122864322180620045e-01 1.111189097511988827e-01 1.111189097511988827e-01 1.111189097511988827e-01
9.494202169462577501e-02 9.816961147386725484e-02 9.816961147386725484e-02 9.816961147386725484e-02 9.816961147386725484e-02
6.894930258776262033e-02 6.894930258776262033e-02 7.291562332176541872e-02 7.291562332176541872e-02 7.291562332176541872e-02
1.059190182505783673e-01 1.112828862689558551e-01 1.112828862689558551e-01 1.084621187498345241e-01 1.084621187498345241e-01
6.902203727137670719e-02 6.902203727137670719e-02 6.738646453279183157e-02 6.902203727137670719e-02 6.902203727137670719e-02
1.107244494924929379e-01 1.107244494924929379e-01 9.807994085096706505e-02 9.306254882004368068e-02 9.306254882004368068e-02
6.887414958756093997e-02 6.887414958756093997e-02 8.280205334268389561e-02 8.372810058203435102e-02 8.372810058203435102e-02
8.356792551583631934e-02 6.981341012883042485e-02 7.622806379656289766e-02 7.199020678391435113e-02 7.199020678391435113e-02
7.893146790549057656e-02 8.075014777352265694e-02 8.036061408797012806e-02 8.036061408797012806e-02 8.036061408797012806e-02
1.013049400156813135e-01 1.013049400156813135e-01 1.110960342623412006e-01 1.110960342623412006e-01 1.110960342623412006e-01
7.862294416182839807e-02 7.862294416182839807e-02 7.940065928444793586e-02 7.940065928444793586e-02 7.940065928444793586e-02
7.122794694128038728e-02 6.965502182678011411e-02 6.416423819137521967e-02 6.416423819137521967e-02 6.416423819137521967e-02
4.270236321541701768e-02 3.996747822489286200e-02 3.996747822489286200e-02 4.270236321541701768e-02 4.270236321541701768e-02
8.345769408252545762e-02 7.492943083631285750e-02 7.492943083631285750e-02 7.069562774584171871e-02 7.069562774584171871e-02
8.551057323572183733e-02 8.160451525715221865e-02 8.160451525715221865e-02 8.302547017718255040e-02 8.302547017718255040e-02
9.523609158713625122e-02 9.523609158713625122e-02 9.523609158713625122e-02 8.940444670587296971e-02 8.940444670587296971e-02
7.672336052046192789e-02 7.672336052046192789e-02 7.672336052046192789e-02 8.502001324514966984e-02 8.502001324514966984e-02
6.258214652130948685e-02 5.281574577090149269e-02 5.436462256864890014e-02 6.258214652130948685e-02 6.258214652130948685e-02
8.062535383388948207e-02 6.916114425981167990e-02 8.062535383388948207e-02 6.916114425981167990e-02 6.916114425981167990e-02
1.319708362319002848e-01 1.154009330330469374e-01 1.063089962950813788e-01 1.063089962950813788e-01 1.063089962950813788e-01
1.230238462538653793e-01 1.258932018134460706e-01 1.258932018134460706e-01 1.363858360105885958e-01 1.363858360105885958e-01
7.688318411769562433e-02 7.261616843047166703e-02 7.688318411769562433e-02 7.688318411769562433e-02 7.688318411769562433e-02
6.985905055275630493e-02 6.985905055275630493e-02 7.185161077535313912e-02 7.422977297067079316e-02 7.422977297067079316e-02
9.842825862310732032e-02 9.842825862310732032e-02 9.554042277511998194e-02 1.076934473778358020e-01 1.076934473778358020e-01
8.491228989342040900e-02 8.491228989342040900e-02 8.696442683095888249e-02 9.421525564546190390e-02 9.421525564546190390e-02
1.108071400173277765e-01 1.108071400173277765e-01 1.086661209546460338e-01 1.120262123027079559e-01 1.120262123027079559e-01
8.729067069102963705e-02 8.729067069102963705e-02 7.983015362649080460e-02 8.196968079352953684e-02 8.196968079352953684e-02
9.780951340927347692e-02 9.167316075047154955e-02 9.780951340927347692e-02 1.076263513382785392e-01 1.076263513382785392e-01
8.274366263791638199e-02 8.274366263791638199e-02 8.274366263791638199e-02 9.314201817159493968e-02 9.314201817159493968e-02
1.082864391726295478e-01 1.082864391726295478e-01 1.082864391726295478e-01 1.345368004653764715e-01 1.345368004653764715e-01
7.508898133976003864e-02 7.768588018450738042e-02 7.768588018450738042e-02 7.250443641866151367e-02 7.250443641866151367e-02
5.678633530814759800e-02 5.678633530814759800e-02 5.678633530814759800e-02 6.560273386122829342e-02 6.560273386122829342e-02
6.301502281284381002e-02 6.301502281284381002e-02 6.301502281284381002e-02 6.691975629915382362e-02 6.691975629915382362e-02
5.449464399451364044e-02 5.449464399451364044e-02 5.449464399451364044e-02 7.370061994254263615e-02 7.370061994254263615e-02
7.466459448186270331e-02 7.842653258145589057e-02 7.842653258145589057e-02 8.713864074328249443e-02 8.713864074328249443e-02
1.040614889528289483e-01 7.853338630987560798e-02 7.853338630987560798e-02 8.209644987448004583e-02 8.209644987448004583e-02
8.790375584565189582e-02 8.189676102604587227e-02 8.189676102604587227e-02 8.790375584565189582e-02 8.790375584565189582e-02
9.055336289233295588e-02 9.055336289233295588e-02 9.055336289233295588e-02 1.108852315953425677e-01 1.108852315953425677e-01
9.276970083710042725e-02 9.276970083710042725e-02 8.729455305613260940e-02 9.331657632831712179e-02 9.331657632831712179e-02
7.805421265697318201e-02 7.632200265046756860e-02 7.660019109813315241e-02 7.805421265697318201e-02 7.805421265697318201e-02
7.217535402847416459e-02 6.911060837453157635e-02 6.911060837453157635e-02 7.174717338822655943e-02 7.174717338822655943e-02
8.157703610606090172e-02 6.386029775847062995e-02 5.723485269191811581e-02 5.749143255975667360e-02 5.749143255975667360e-02
8.281531257444246785e-02 8.281531257444246785e-02 8.675276521031691224e-02 8.281531257444246785e-02 8.281531257444246785e-02
8.047415203890774527e-02 7.631510517790389414e-02 8.047415203890774527e-02 8.067133194600271950e-02 8.067133194600271950e-02
7.808350366944846743e-02 7.808350366944846743e-02 8.538412252020161075e-02 7.886035906837107756e-02 7.886035906837107756e-02
7.185919643260443856e-02 7.185919643260443856e-02 7.188495820328258401e-02 7.185919643260443856e-02 7.185919643260443856e-02
6.713409339127715536e-02 6.990330876310950348e-02 7.290415182208388745e-02 7.266028237726768202e-02 7.266028237726768202e-02
7.238866666294481444e-02 7.991282887539456758e-02 7.238866666294481444e-02 8.398535326217190788e-02 8.398535326217190788e-02
7.482185482423678313e-02 7.482185482423678313e-02 7.482185482423678313e-02 6.835047919422269913e-02 6.835047919422269913e-02
7.551701162065138639e-02 8.266324162282275012e-02 8.266324162282275012e-02 9.294116602220071910e-02 9.294116602220071910e-02
7.042650024332022807e-02 7.042650024332022807e-02 7.042650024332022807e-02 7.668204261679127665e-02 7.668204261679127665e-02
6.164476421047967308e-02 6.098979688048107584e-02 6.098979688048107584e-02 7.419360854332052169e-02 7.419360854332052169e-02
7.069781929706550616e-02 7.069781929706550616e-02 7.055954018568498520e-02 7.430407409048150891e-02 7.410598502331633419e-02
6.188821028454201401e-02 6.188821028454201401e-02 6.184841259876773523e-02 6.966711197497282848e-02 7.238628242713851524e-02
8.019857989699695489e-02 8.019857989699695489e-02 7.418087775590194444e-02 9.200706800726363155e-02 9.340140807722242811e-02
6.324849249991482125e-02 5.982192397821942120e-02 7.063079324516850777e-02 9.626523888512943106e-02 9.772113372742405324e-02
5.625826650848719801e-02 5.034425570744874984e-02 6.204106765806496893e-02 8.549383222746655131e-02 8.736152909344566120e-02
8.062557926345613468e-02 8.062557926345613468e-02 8.360058342886160510e-02 1.047823663187830989e-01 1.073154902622957957e-01
7.208634239564377932e-02 7.208634239564377932e-02 7.983869854767491892e-02 1.141274894143696067e-01 1.175027862572457782e-01
6.236534438715073819e-02 5.956403427908350118e-02 7.867596006810755049e-02 1.026093419139162272e-01 1.067976732551308566e-01
6.262280218139547328e-02 6.178754552280292522e-02 7.659950925483215156e-02 1.102500327131609448e-01 1.100524753913822984e-01
5.848505022497196837e-02 5.848505022497196837e-02 7.629366615508949290e-02 1.111835832506879868e-01 1.118957945866494302e-01
6.588269381588683637e-02 6.370922574706919250e-02 6.942738748435255125e-02 1.160180429141471625e-01 1.167511787036796117e-01
6.918642233111983730e-02 7.476931560629730689e-02 8.568517558776277132e-02 1.304878742780511136e-01 1.287910621387267363e-01
5.122072805654701716e-02 5.122072805654701716e-02 7.105154901325272387e-02 9.203512108180626761e-02 9.376645165366835621e-02
4.729157714337478557e-02 4.729157714337478557e-02 5.611429436026169060e-02 9.403281088825021783e-02 9.945496099189053696e-02
7.294988826280104921e-02 7.294988826280104921e-02 1.007846634579907530e-01 1.190547590248682563e-01 1.259452552042273077e-01
7.792947282709541956e-02 6.961394312604107792e-02 7.792947282709541956e-02 1.078227047316201032e-01 1.079193596221009604e-01
4.944210027898823800e-02 4.944210027898823800e-02 4.944210027898823800e-02 8.862997541655077971e-02 9.441925354107759405e-02
5.203172787854774828e-02 5.232011509349362294e-02 5.458642794934279174e-02 7.538033183872297482e-02 8.030281265706989968e-02
6.536535583233325786e-02 6.536535583233325786e-02 6.536535583233325786e-02 9.240782105968703419e-02 9.460138743521809279e-02
5.382623782544516955e-02 5.382623782544516955e-02 5.382623782544516955e-02 9.594593447659245655e-02 1.069524604236108262e-01
4.748466758349393496e-02 4.748466758349393496e-02 4.748466758349393496e-02 1.088821532859483715e-01 1.195119641800697630e-01
4.118132326422103279e-02 4.118132326422103279e-02 4.118132326422103279e-02 8.370533449471724563e-02 9.353584860816409330e-02
6.523197572289821111e-02 5.669912430198069397e-02 5.669912430198069397e-02 9.589878937187373831e-02 1.053181485896015762e-01
5.416931656413920965e-02 5.416931656413920965e-02 5.753958492248827106e-02 1.017828725543119955e-01 1.099602473033805261e-01
7.260566548143551624e-02 6.792980817356704393e-02 6.018722460406364383e-02 8.251453308421441424e-02 7.068131410058073327e-02
5.653341372421828714e-02 6.379997030218027831e-02 6.348550785833960430e-02 6.926465228359834914e-02 7.938798265460912662e-02
4.933337423366219304e-02 5.515914216946359722e-02 5.515914216946359722e-02 1.029520021234038157e-01 1.136994006695716264e-01
5.666965857370443588e-02 5.666965857370443588e-02 5.666965857370443588e-02 6.782218731964538561e-02 7.479490157561397012e-02
7.634033424587594041e-02 7.561056190895061591e-02 7.634033424587594041e-02 9.128969098544227612e-02 9.301981377802329143e-02
3.976501617981225561e-02 3.976501617981225561e-02 3.976501617981225561e-02 5.961563563978154734e-02 7.204539890699392102e-02
7.231449486402641291e-02 5.558298581222748114e-02 5.558298581222748114e-02 8.205235429814509984e-02 8.644864985673636482e-02
4.604077079995600591e-02 4.604077079995600591e-02 4.604077079995600591e-02 6.984641503612404323e-02 8.369599134996362488e-02
4.524349265572410322e-02 4.524349265572410322e-02 4.524349265572410322e-02 6.295138013676555844e-02 7.039039169616784219e-02
2.322909009933612698e-02 2.322909009933612698e-02 2.322909009933612698e-02 5.150335990294262201e-02 6.598470516390357588e-02
3.596230932160365129e-02 3.596230932160365129e-02 3.596230932160365129e-02 4.794612280343777538e-02 6.925157801525058665e-02
3.073968484220298072e-02 2.543404738692791461e-02 2.543404738692791461e-02 4.181201308980243836e-02 6.424716876755572070e-02
4.362844402172209174e-02 4.362844402172209174e-02 4.362844402172209174e-02 5.488679800274895437e-02 7.385764807941944121e-02
4.626332514143432356e-02 4.626332514143432356e-02 4.626332514143432356e-02 7.548514718616455843e-02 1.016232270976695773e-01
2.918344573247430226e-02 2.627059809330133805e-02 2.627059809330133805e-02 4.321980468117680996e-02 5.684155142742683409e-02
3.404243264852617468e-02 3.404243264852617468e-02 3.404243264852617468e-02 5.057238165242915195e-02 7.338932924811186753e-02
2.553573731151613860e-02 2.553573731151613860e-02 2.553573731151613860e-02 6.355391339026343622e-02 8.052971937483041631e-02
4.070684290216367018e-02 3.025397280065756159e-02 3.025397280065756159e-02 4.070684290216367018e-02 6.028912291971858656e-02
3.296593156387639389e-02 3.118305562886378515e-02 3.118305562886378515e-02 5.099584171716859543e-02 6.795551265590411838e-02
4.764890286853978862e-02 4.764890286853978862e-02 4.764890286853978862e-02 7.289070274608427935e-02 7.754771323081201262e-02
3.949558360647717481e-02 3.550806013965707164e-02 3.550806013965707164e-02 5.170309754391965579e-02 6.728970693905721168e-02
3.634854319177599491e-02 3.634854319177599491e-02 3.634854319177599491e-02 7.857450165040585910e-02 1.019157406044282205e-01
4.372014837832487871e-02 4.372014837832487871e-02 4.372014837832487871e-02 5.799985508325607858e-02 9.676804275412818901e-02
3.222439311779107945e-02 3.222439311779107945e-02 3.222439311779107945e-02 4.923104822481058629e-02 6.817211690337557362e-02
2.678691252005140078e-02 2.678691252005140078e-02 2.678691252005140078e-02 3.690114651699147319e-02 5.091171680525435200e-02
2.853297528479379827e-02 3.551686422722941106e-02 3.551686422722941106e-02 3.735577801536009435e-02 6.055997668934332695e-02
4.139955168702591504e-02 4.139955168702591504e-02 4.139955168702591504e-02 4.040937248158914252e-02 5.689554662317209549e-02
3.048740663251117700e-02 3.048740663251117700e-02 3.406062016366990380e-02 4.437218870525068415e-02 6.940356443276220200e-02
5.703930209230712034e-02 5.703930209230712034e-02 5.636819837753244411e-02 6.028829295231542817e-02 8.323308727846970290e-02
4.273433264600395159e-02 4.663298927229124480e-02 4.998034379979313796e-02 5.109617545052993343e-02 5.730204940317332185e-02
2.990586611879389456e-02 2.895699422199437059e-02 2.990586611879389456e-02 4.040291374843369560e-02 5.584032275836883080e-02
8.861420619646558083e-02 7.360665853888707921e-02 7.360665853888707921e-02 7.570242360614128085e-02 8.861420619646558083e-02
2.631020490721531699e-02 2.631020490721531699e-02 3.157982539621869561e-02 3.602179301558738889e-02 5.521943269127591036e-02
4.571847182968205581e-02 4.571847182968205581e-02 4.571847182968205581e-02 4.686646612351746954e-02 5.847365637835653246e-02
4.828041731955395183e-02 4.268657002013002966e-02 4.268657002013002966e-02 4.253285398406048134e-02 4.451938506454933275e-02
4.139398463020389773e-02 6.965727188675474579e-02 6.965727188675474579e-02 5.865635653229804569e-02 6.845602277929946355e-02
3.629040240510086196e-02 3.514949741660692434e-02 3.514949741660692434e-02 4.411287466607413665e-02 4.377566273288158866e-02
5.786679109400307691e-02 6.098144295924499969e-02 6.098144295924499969e-02 7.517872524121295419e-02 4.497643391045491601e-02
5.725128855983101228e-02 5.902180862377044701e-02 5.902180862377044701e-02 8.467278052215462814e-02 5.841785709922812930e-02
4.795298138376106328e-02 4.795298138376106328e-02 4.795298138376106328e-02 7.359765596806631949e-02 6.824145331650341428e-02
6.073347519735385752e-02 4.791527451201054583e-02 4.791527451201054583e-02 8.172892863469144453e-02 7.688533668526455200e-02
5.689271122364079197e-02 5.689271122364079197e-02 6.199772928387462662e-02 1.061013628770982598e-01 8.277836464705159991e-02
5.687765329709961598e-02 5.252810070690987904e-02 5.687765329709961598e-02 1.218268029141241077e-01 1.050572293786589118e-01
5.239433453422357584e-02 7.934179675103412988e-02 5.239433453422357584e-02 1.170178248580881486e-01 9.241789097636755879e-02
7.552759775599476866e-02 6.247260495901238442e-02 7.795471094915841503e-02 1.366659586313292984e-01 9.340191549085238854e-02
3.376633462021060711e-02 3.376633462021060711e-02 5.225370862225695717e-02 1.349035650967457256e-01 9.303575941248874714e-02
9.909866239760282969e-02 9.909866239760282969e-02 9.909866239760282969e-02 1.267969675113093941e-01 8.255927885422695289e-02
6.727359052427614450e-02 6.727359052427614450e-02 7.379252011293241376e-02 1.492602483560759308e-01 8.515397418085521308e-02
5.952062115841639384e-02 4.841586989457805079e-02 4.841586989457805079e-02 1.229573378674414519e-01 8.009337118720952220e-02
4.925929064896832077e-02 4.925929064896832077e-02 4.401631849025895021e-02 1.509803236311523800e-01 1.424500509614403942e-01
5.167108166529044144e-02 5.167108166529044144e-02 5.167108166529044144e-02 1.190051458890703240e-01 9.402105791280192248e-02
8.935754591615992226e-02 8.935754591615992226e-02 8.935754591615992226e-02 1.282917681483332628e-01 1.047584954429356396e-01
9.573545614915705826e-02 7.748198198893876953e-02 7.748198198893876953e-02 1.217170094078813686e-01 1.312283349021346468e-01
6.907177719613073752e-02 6.629909288231286557e-02 6.629909288231286557e-02 1.143239230474609736e-01 9.606316258607133785e-02
6.325249120809819936e-02 5.718124000403334434e-02 5.718124000403334434e-02 1.359932780589803436e-01 1.173910074875141873e-01
6.348128258566725080e-02 6.348128258566725080e-02 6.916216526183183166e-02 1.506773712842022772e-01 1.589534864736841246e-01
7.348981993673861512e-02 4.131701165051749475e-02 4.166896481886946807e-02 1.027918971243683144e-01 1.162471347137621347e-01
7.897487451042800588e-02 7.897487451042800588e-02 7.897487451042800588e-02 1.556910767504551540e-01 1.348525155987715385e-01
6.809445518947726539e-02 6.809445518947726539e-02 6.236070117052207318e-02 1.373508394362231433e-01 1.530867906086511021e-01
7.678632416552796935e-02 7.678632416552796935e-02 7.678632416552796935e-02 1.705205524823062702e-01 1.342659837011472845e-01
9.869517301213365235e-02 9.974890020996540763e-02 9.974890020996540763e-02 1.916027789178433582e-01 1.793137950628705124e-01
8.213220436295505522e-02 8.213220436295505522e-02 8.213220436295505522e-02 1.827597996122662105e-01 1.615057099055070833e-01
6.327279928525532393e-02 6.327279928525532393e-02 6.327279928525532393e-02 1.546953732202927534e-01 1.286575987535825971e-01
5.730588602722254399e-02 5.730588602722254399e-02 5.730588602722254399e-02 1.277041854668406196e-01 1.243148622080158805e-01
5.967399695928544967e-02 5.967399695928544967e-02 5.967399695928544967e-02 9.754384846074790061e-02 1.166211962030098831e-01
4.772531353923739617e-02 4.772531353923739617e-02 4.772531353923739617e-02 1.091234358435397150e-01 1.339767201304090938e-01
6.548473715975308695e-02 6.790587075325867084e-02 6.790587075325867084e-02 1.010478741961878396e-01 1.215853259959684962e-01
7.636375607487091988e-02 7.193743596650174765e-02 7.193743596650174765e-02 1.022043391088238717e-01 1.033582108555521351e-01
6.924954584258369295e-02 6.924954584258369295e-02 6.924954584258369295e-02 1.140163019760973701e-01 1.481013584223998814e-01
8.407818423276182396e-02 8.407818423276182396e-02 8.407818423276182396e-02 9.962848420466142996e-02 1.217482596253099403e-01
5.575514942463290213e-02 5.575514942463290213e-02 5.575514942463290213e-02 8.617365798165729784e-02 1.082832053261313238e-01
5.959720413343750495e-02 6.504840220834429143e-02 6.504840220834429143e-02 7.105869465972715349e-02 8.706567742684309663e-02
7.885801307109921443e-02 7.885801307109921443e-02 8.419206607819947064e-02 9.416507235943476217e-02 9.692162234410678368e-02
5.638309918201654669e-02 6.552165942190429915e-02 6.083817940858652490e-02 7.862670514192851567e-02 8.862908951236253552e-02
6.918522400626464508e-02 6.918522400626464508e-02 6.918522400626464508e-02 8.063181064935207032e-02 1.047411121460704309e-01
5.960821606679995999e-02 6.511284180907969676e-02 7.218078842733681444e-02 5.960821606679995999e-02 8.003095609771200547e-02
7.194677691025545829e-02 8.032910717814259471e-02 7.663455663123962258e-02 7.194677691025545829e-02 8.860818593485660088e-02
7.142317914090798303e-02 7.275685949807084163e-02 5.495538366024637494e-02 6.722281377163508154e-02 8.612113131711165992e-02
5.739400917953338399e-02 5.739400917953338399e-02 5.739400917953338399e-02 5.171748206233487549e-02 7.000365662241662956e-02
5.809459491289459959e-02 5.809459491289459959e-02 5.809459491289459959e-02 5.914009493851388188e-02 8.429913854083238844e-02
7.163515455200011872e-02 7.688985918259159946e-02 7.163515455200011872e-02 7.736383374133812274e-02 8.925149863370185344e-02
5.963233490131201325e-02 5.963233490131201325e-02 5.963233490131201325e-02 6.759381459796727498e-02 9.463612589736095093e-02
7.054344585850576277e-02 7.054344585850576277e-02 7.054344585850576277e-02 7.150422417215937521e-02 8.749069258105832136e-02
5.551876021489474122e-02 5.160362664535516480e-02 5.160362664535516480e-02 5.551876021489474122e-02 7.662811658981365237e-02
7.196918434863333602e-02 6.756895729088652214e-02 6.756895729088652214e-02 7.556115161433031580e-02 8.451417281961040584e-02
6.050164226488672498e-02 4.906985177356610467e-02 4.906985177356610467e-02 6.050164226488672498e-02 7.856801212383571209e-02
6.568529635825269553e-02 6.568529635825269553e-02 6.568529635825269553e-02 7.147186841374460198e-02 9.002632152597585258e-02
5.233498750703309554e-02 5.233498750703309554e-02 5.233498750703309554e-02 6.468916759439498343e-02 8.008025166547204365e-02
5.285603117857540223e-02 4.280836206901979940e-02 4.280836206901979940e-02 6.466453189434571980e-02 8.175085863312667178e-02
6.302257706242328505e-02 5.732744328619818891e-02 5.732744328619818891e-02 8.035507538055319809e-02 9.341280526617098956e-02
5.666809698347202717e-02 6.446846283063722982e-02 6.446846283063722982e-02 6.085976380901549770e-02 7.438195431041644268e-02
5.700860370267023941e-02 5.700860370267023941e-02 5.700860370267023941e-02 5.671061427185619674e-02 7.306337430210230188e-02
5.092126141611739293e-02 5.092126141611739293e-02 5.092126141611739293e-02 6.401943316024014119e-02 7.467630639975214590e-02
5.428079316972440893e-02 5.428079316972440893e-02 5.428079316972440893e-02 6.863371188882322338e-02 7.611364254777447380e-02
4.544157330384379634e-02 4.544157330384379634e-02 4.544157330384379634e-02 6.667088695224035466e-02 7.789933115900687932e-02
4.750000470305489747e-02 4.750000470305489747e-02 4.750000470305489747e-02 5.592733096611011284e-02 6.246760376984073632e-02
5.048930261317651630e-02 5.245450506204707430e-02 5.245450506204707430e-02 6.531341428023072770e-02 6.888331437606173835e-02
5.074353981823462312e-02 5.224387780703388523e-02 5.224387780703388523e-02 6.999278518778373481e-02 6.893574030089920368e-02
4.710783595904419890e-02 4.710783595904419890e-02 4.710783595904419890e-02 7.341636282779061273e-02 7.515939901353703434e-02
4.203063899971123257e-02 4.203063899971123257e-02 4.436305355805886252e-02 6.979381050482361126e-02 7.487683952226636963e-02
5.006816712846049594e-02 5.052267323369330487e-02 5.052267323369330487e-02 6.955363819185318708e-02 6.841283997709468601e-02
