3.474275969964839561e-01 3.474275969964839561e-01 3.474275969964839561e-01 3.474275969964839561e-01 3.474275969964839561e-01
2.800244736568987536e-01 2.322299497060350826e-01 2.322299497060350826e-01 2.322299497060350826e-01 2.322299497060350826e-01
1.664283817572380086e-01 1.664283817572380086e-01 1.664283817572380086e-01 1.664283817572380086e-01 1.664283817572380086e-01
2.156479533446777341e-01 2.016744482101434366e-01 2.156479533446777341e-01 2.156479533446777341e-01 2.156479533446777341e-01
2.323487659659624893e-01 2.288528692436241629e-01 2.185064071298461752e-01 2.185064071298461752e-01 2.185064071298461752e-01
1.537676251618707579e-01 1.492146096182128123e-01 1.340516661004936549e-01 1.340516661004936549e-01 1.340516661004936549e-01
9.280949370431240686e-02 9.283974245768956968e-02 1.557619664631094414e-01 1.557619664631094414e-01 1.557619664631094414e-01
1.098140172690110911e-01 1.221171134272755060e-01 1.122852237751924276e-01 1.122852237751924276e-01 1.122852237751924276e-01
1.446971045763975616e-01 1.754119699790571141e-01 1.446971045763975616e-01 1.446971045763975616e-01 1.446971045763975616e-01
5.681798084622866063e-02 6.355694140962020455e-02 6.355694140962020455e-02 6.355694140962020455e-02 6.355694140962020455e-02
7.577250879892229174e-02 7.577250879892229174e-02 8.541312472506469577e-02 8.541312472506469577e-02 8.541312472506469577e-02
4.851525766533805462e-02 4.794478341787691139e-02 4.794478341787691139e-02 4.794478341787691139e-02 4.794478341787691139e-02
6.743037993863976176e-02 6.743037993863976176e-02 6.564002842159970263e-02 6.564002842159970263e-02 6.564002842159970263e-02
9.401091368915437396e-02 9.767920448943012701e-02 9.767920448943012701e-02 9.767920448943012701e-02 9.767920448943012701e-02
8.570705047431105561e-02 8.735845453594953680e-02 8.735845453594953680e-02 8.735845453594953680e-02 8.735845453594953680e-02
8.027313204463573659e-02 8.027313204463573659e-02 8.363782257853720481e-02 8.363782257853720481e-02 8.363782257853720481e-02
7.819187116417786187e-02 7.631295112089298005e-02 7.819187116417786187e-02 7.819187116417786187e-02 7.819187116417786187e-02
9.411676760540445275e-02 9.596277907056707801e-02 9.479358507466033312e-02 9.479358507466033312e-02 9.479358507466033312e-02
6.199137515990586073e-02 6.673185740530743204e-02 6.673185740530743204e-02 6.387505041738414380e-02 6.387505041738414380e-02
9.238056262087689097e-02 9.076826891468689484e-02 9.365487351347133449e-02 9.422332144629312622e-02 9.422332144629312622e-02
6.953774837103707251e-02 7.067671213723050738e-02 7.067671213723050738e-02 6.435229835433582679e-02 6.435229835433582679e-02
7.105610901356612663e-02 7.105610901356612663e-02 7.105610901356612663e-02 7.887815101253509154e-02 7.887815101253509154e-02
7.240152526390596088e-02 7.930233721212121001e-02 7.969834177950756160e-02 7.969834177950756160e-02 7.969834177950756160e-02
8.155824756024923627e-02 8.155824756024923627e-02 8.155824756024923627e-02 9.587824467062573686e-02 9.587824467062573686e-02
1.086618811393009892e-01 1.086618811393009892e-01 1.086618811393009892e-01 1.086618811393009892e-01 1.086618811393009892e-01
5.650365873399882527e-02 6.155398603848218075e-02 6.155398603848218075e-02 6.668971420840329178e-02 6.668971420840329178e-02
6.262941425119286643e-02 6.262941425119286643e-02 6.262941425119286643e-02 5.349649415678573577e-02 5.349649415678573577e-02
5.973254062837207723e-02 5.973254062837207723e-02 6.158098598944254654e-02 6.578403800728106765e-02 6.578403800728106765e-02
8.602154131873608611e-02 8.602154131873608611e-02 8.602154131873608611e-02 8.602154131873608611e-02 8.602154131873608611e-02
7.097295405537253077e-02 7.097295405537253077e-02 7.864128159331312817e-02 7.864128159331312817e-02 7.864128159331312817e-02
5.707054953776052875e-02 5.707054953776052875e-02 5.707054953776052875e-02 6.516186160751834267e-02 6.516186160751834267e-02
5.018092749385073825e-02 5.018092749385073825e-02 5.018092749385073825e-02 5.199580212942768453e-02 5.199580212942768453e-02
9.041777073177954815e-02 8.579196927241304615e-02 8.579196927241304615e-02 9.041777073177954815e-02 9.041777073177954815e-02
1.061806618956447762e-01 1.035966954885376712e-01 1.035966954885376712e-01 1.074023856264907095e-01 1.074023856264907095e-01
1.088906541252097071e-01 1.158662126342364512e-01 1.158662126342364512e-01 1.169389090117349678e-01 1.169389090117349678e-01
8.570347369439039464e-02 7.675611274248408944e-02 7.675611274248408944e-02 7.675611274248408944e-02 7.675611274248408944e-02
7.998785670554253713e-02 6.763686832019034922e-02 8.420506400893688903e-02 8.420506400893688903e-02 8.420506400893688903e-02
8.577769252000622124e-02 9.195363629397451666e-02 9.574420025542515478e-02 1.215781921445164282e-01 1.215781921445164282e-01
7.322355839985240922e-02 7.322355839985240922e-02 7.706117980366523901e-02 8.602233803497522091e-02 8.602233803497522091e-02
1.239381258821860704e-01 1.250197191877085445e-01 1.250197191877085445e-01 1.378808006264436448e-01 1.378808006264436448e-01
8.304924668930603604e-02 8.030447114553773691e-02 8.304924668930603604e-02 8.735795721012758197e-02 8.735795721012758197e-02
8.221898171885992646e-02 8.221898171885992646e-02 8.436927141534870944e-02 9.821674636035487849e-02 9.821674636035487849e-02
7.995385712933154865e-02 7.995385712933154865e-02 8.568533581268564236e-02 9.241070820745991843e-02 9.241070820745991843e-02
9.913191741350274588e-02 9.113913286665074887e-02 9.913191741350274588e-02 9.718880650797656617e-02 9.718880650797656617e-02
7.349213837000129201e-02 7.349213837000129201e-02 7.661324252802273471e-02 9.218292355165592922e-02 9.218292355165592922e-02
9.189009397572041327e-02 9.189009397572041327e-02 7.876388706085188374e-02 1.009740718155189843e-01 1.009740718155189843e-01
7.365784357494059575e-02 7.365784357494059575e-02 7.365784357494059575e-02 8.968248476771105426e-02 8.968248476771105426e-02
7.137807487077392488e-02 7.137807487077392488e-02 7.706988035390655023e-02 8.559999415348819307e-02 8.559999415348819307e-02
9.311450686238892382e-02 9.311450686238892382e-02 9.311450686238892382e-02 8.830256452908423481e-02 8.830256452908423481e-02
7.674321627663648060e-02 7.828790748367335517e-02 7.828790748367335517e-02 7.674321627663648060e-02 7.674321627663648060e-02
7.611548590959983651e-02 8.378254420476043129e-02 8.378254420476043129e-02 7.488714123897671771e-02 7.488714123897671771e-02
8.496086941837555084e-02 8.496086941837555084e-02 8.496086941837555084e-02 8.102205052522139239e-02 8.102205052522139239e-02
7.972978705958960743e-02 7.972978705958960743e-02 7.863317833670079027e-02 7.705239793330492803e-02 7.705239793330492803e-02
7.286678933898378674e-02 7.286678933898378674e-02 7.084815414116514554e-02 7.322345331312064831e-02 7.322345331312064831e-02
6.949303486631060178e-02 7.476931355958985059e-02 7.476931355958985059e-02 5.588817185233305174e-02 5.588817185233305174e-02
7.739082131374803997e-02 7.701424888269108038e-02 8.667828105398797667e-02 8.405996058007650373e-02 8.405996058007650373e-02
6.393534302577474904e-02 6.393534302577474904e-02 6.730094054174040608e-02 6.600122764404375841e-02 6.600122764404375841e-02
7.345540687214531517e-02 7.345540687214531517e-02 7.282506433602312090e-02 7.298317729096050199e-02 7.298317729096050199e-02
7.948083916868224630e-02 8.447049006949909622e-02 7.948083916868224630e-02 7.821527607260680970e-02 7.821527607260680970e-02
5.169510086649205943e-02 5.169510086649205943e-02 5.169510086649205943e-02 5.368452670601087801e-02 5.368452670601087801e-02
7.983106121074505512e-02 6.672811882173906861e-02 6.672811882173906861e-02 8.082964641845656606e-02 8.082964641845656606e-02
7.805271530191185136e-02 7.805271530191185136e-02 7.805271530191185136e-02 8.006929496705000870e-02 8.006929496705000870e-02
7.242346454924986077e-02 7.242346454924986077e-02 7.554031134048150298e-02 8.071365268904077961e-02 8.071365268904077961e-02
6.416305592513095457e-02 6.416305592513095457e-02 7.326841163076693031e-02 8.102436727197745436e-02 8.102436727197745436e-02
7.206076408229054875e-02 7.206076408229054875e-02 7.206076408229054875e-02 8.053922869404496476e-02 8.053922869404496476e-02
5.643932387268969786e-02 6.342300713444784521e-02 6.856526147222181955e-02 8.139180390625697092e-02 8.336208916865735230e-02
6.341933514373478131e-02 6.341933514373478131e-02 6.882413278015038494e-02 7.883604160998046451e-02 7.933911687008718405e-02
5.411235184381053137e-02 5.411235184381053137e-02 6.620235314487407652e-02 7.793138800974065694e-02 7.785848434391559603e-02
6.841798261469127229e-02 6.841798261469127229e-02 7.983216850621460692e-02 8.772639928644578033e-02 8.855916739673871940e-02
6.726137937759171792e-02 6.726137937759171792e-02 7.543840478030851282e-02 1.017859651173001340e-01 1.028925835229487912e-01
5.045404306770389508e-02 5.045404306770389508e-02 6.240086057278523834e-02 8.551450148653148842e-02 8.771948841860523205e-02
8.200381118120614321e-02 6.872494877871693220e-02 8.802514564120489382e-02 8.730220152198010786e-02 8.633776120602744408e-02
7.917304100968979019e-02 6.948490040293327230e-02 8.814627219646023470e-02 1.257130726312859492e-01 1.315367223096546578e-01
7.146154635027750224e-02 7.146154635027750224e-02 8.771660347343575304e-02 1.138816150898612628e-01 1.169986577018319873e-01
4.955432588921265813e-02 4.955432588921265813e-02 7.619192808463234878e-02 1.260651200914437442e-01 1.275716671501114230e-01
6.429289471312867044e-02 5.948251903324624362e-02 7.469492955334708362e-02 1.139119658635981275e-01 1.118736344692589230e-01
6.275448798424340668e-02 6.854505817695168146e-02 8.888385122590522491e-02 1.161580957847164058e-01 1.192608434492700847e-01
7.173042656407672968e-02 7.173042656407672968e-02 8.357456988434971978e-02 1.392920293116237107e-01 1.422650444828490179e-01
5.403821029127544445e-02 5.403821029127544445e-02 6.785693090204726607e-02 9.285320130195851007e-02 9.184163925562319197e-02
6.622993796146589562e-02 6.622993796146589562e-02 7.860054282565660799e-02 1.045586298465780439e-01 1.044897995991645179e-01
6.827116297456678473e-02 6.827116297456678473e-02 8.407527114955035130e-02 1.123465143538748823e-01 1.231501628870116105e-01
7.758998288291867051e-02 8.256637656511858769e-02 8.215574814433350415e-02 1.216017710432454046e-01 1.245726764414326060e-01
5.433055673221875992e-02 5.433055673221875992e-02 6.294740320460398553e-02 9.006686139926158019e-02 9.849696992896145309e-02
5.875063496878540903e-02 5.130644917163879049e-02 5.875063496878540903e-02 7.720150694220297150e-02 7.778919660809230363e-02
4.915840232780523816e-02 4.915840232780523816e-02 4.915840232780523816e-02 8.548958797889016914e-02 8.863481824857231961e-02
8.643245649659901664e-02 8.643245649659901664e-02 8.643245649659901664e-02 1.168148310511864796e-01 1.217737498441960886e-01
4.855687268770914750e-02 4.855687268770914750e-02 4.855687268770914750e-02 1.159990291906844440e-01 1.211943176625958907e-01
5.444062678041981795e-02 5.337040717972520859e-02 5.337040717972520859e-02 1.064700203870439371e-01 1.191338858575331228e-01
4.373281259519910119e-02 4.373281259519910119e-02 4.373281259519910119e-02 8.850670874845155411e-02 9.924863345807705128e-02
5.534696497513790642e-02 5.721477033657192818e-02 5.721477033657192818e-02 1.071606617083393775e-01 1.244747185983653276e-01
6.278484849097240583e-02 6.278484849097240583e-02 6.278484849097240583e-02 8.835126188350084231e-02 8.878876439591716629e-02
1.030558562991554655e-01 1.030558562991554655e-01 9.095137035591069341e-02 8.501516262961160419e-02 9.000098526245396691e-02
5.464021544210776599e-02 5.388108677661358065e-02 5.388108677661358065e-02 8.558519946922316102e-02 8.994703566277455209e-02
6.144278543655802560e-02 4.603087545038767048e-02 4.603087545038767048e-02 6.909307939860230563e-02 8.827411438768729968e-02
1.086433708364748923e-01 8.885838428626138819e-02 8.885838428626138819e-02 9.754069336190006323e-02 1.086433708364748923e-01
3.727610490200090193e-02 3.727610490200090193e-02 3.727610490200090193e-02 6.083423918268897335e-02 6.641561442535134918e-02
6.084911601092209826e-02 6.084911601092209826e-02 6.084911601092209826e-02 7.181300789808926777e-02 7.652478044485105935e-02
3.615977910175362936e-02 3.985559795670191863e-02 3.985559795670191863e-02 5.268799827594927015e-02 6.631591366474144655e-02
5.496386897537534899e-02 5.496386897537534899e-02 5.496386897537534899e-02 5.911822740906529094e-02 7.255168653059287931e-02
3.452869192249407443e-02 3.452869192249407443e-02 3.452869192249407443e-02 5.718396539973345793e-02 7.457244756325447088e-02
3.372477125948540599e-02 3.372477125948540599e-02 3.372477125948540599e-02 4.689126084621125790e-02 6.514827521401837795e-02
5.765087363411031812e-02 5.765087363411031812e-02 5.765087363411031812e-02 6.895773810616545596e-02 6.927697001737592730e-02
5.066692235210971257e-02 4.797475263731771494e-02 4.797475263731771494e-02 6.799312841813166808e-02 8.854095748551438216e-02
4.169096342981415404e-02 3.529827664603250870e-02 3.529827664603250870e-02 5.542928402162170670e-02 8.376555375942786041e-02
3.981328070469572489e-02 3.981328070469572489e-02 3.981328070469572489e-02 5.832564761466477871e-02 6.869995411520066209e-02
3.798507224257505199e-02 3.798507224257505199e-02 3.798507224257505199e-02 4.984478605256614792e-02 7.945660756230987776e-02
4.050317658227076817e-02 4.050317658227076817e-02 4.050317658227076817e-02 7.914865501484077970e-02 9.717883534516130739e-02
3.565989992461089664e-02 2.932421688913686847e-02 2.932421688913686847e-02 4.042244947253070125e-02 5.800303222183277041e-02
4.497981452130223740e-02 4.403545160306637091e-02 4.497981452130223740e-02 5.906342712386840332e-02 7.590683635049259859e-02
4.328163093116736693e-02 4.328163093116736693e-02 4.328163093116736693e-02 6.037445959801226308e-02 7.249497249884255534e-02
1.967840270344901887e-02 1.747385324404617662e-02 1.747385324404617662e-02 5.103340675054073711e-02 7.424781750280284864e-02
3.097884237729790421e-02 3.097884237729790421e-02 3.097884237729790421e-02 5.617438594846341920e-02 8.306796407169715624e-02
2.902638626583576090e-02 2.902638626583576090e-02 3.202929588765200675e-02 3.344467852969484206e-02 6.160593229867317860e-02
3.003503115079504335e-02 2.896164144817620772e-02 3.003503115079504335e-02 5.411614205698504765e-02 7.609506368971803714e-02
3.726134737919680612e-02 2.749497711928623050e-02 2.749497711928623050e-02 4.131349253337292943e-02 5.861448280432200036e-02
3.177148507418050410e-02 3.177148507418050410e-02 3.177148507418050410e-02 3.953740810636485054e-02 6.678591559089688823e-02
5.027706934926632482e-02 5.027706934926632482e-02 5.027706934926632482e-02 5.926036118445640599e-02 7.330680456250417143e-02
4.681509075443879286e-02 4.324623790229609882e-02 4.681509075443879286e-02 3.439066024590777676e-02 7.105086786032370483e-02
3.063179385372617053e-02 2.987893908511558491e-02 2.987893908511558491e-02 3.821927004858719640e-02 5.334197041773099113e-02
3.534686143533821018e-02 3.534686143533821018e-02 4.007389376220461125e-02 3.534686143533821018e-02 6.536021360709375061e-02
6.261907060393967495e-02 5.646605077679332785e-02 6.261907060393967495e-02 5.646605077679332785e-02 5.917035611087349128e-02
4.376327713757571097e-02 5.800345072424058224e-02 4.482709930284420330e-02 5.800345072424058224e-02 7.158055684079392411e-02
4.061714140445583238e-02 4.495464937077302270e-02 4.061714140445583238e-02 4.495464937077302270e-02 4.539850099213539603e-02
3.752430396212669966e-02 3.752430396212669966e-02 4.942327852712108394e-02 3.752430396212669966e-02 3.294093934578661703e-02
7.237602545409566046e-02 6.448744428085571856e-02 6.771670808159012400e-02 6.448744428085571856e-02 6.081794547060914019e-02
6.849960663128305816e-02 6.849960663128305816e-02 5.252397988000355455e-02 6.849960663128305816e-02 1.017138118810762965e-01
3.532681989749442836e-02 2.901908049564763323e-02 3.532681989749442836e-02 4.215575982077261058e-02 4.277572115143501302e-02
5.698414544009175464e-02 4.501686788396702665e-02 4.501686788396702665e-02 6.787209251609815919e-02 5.459207906351613848e-02
7.413517860572813034e-02 6.408517875584666956e-02 9.543943897328698023e-02 9.543943897328698023e-02 7.413517860572813034e-02
6.028826766135941123e-02 6.831419398557976586e-02 6.831419398557976586e-02 1.094520078463731283e-01 8.688229728805102470e-02
4.944358696042179535e-02 5.245174046695483261e-02 5.245174046695483261e-02 1.049231856966558463e-01 9.636646858926113668e-02
5.024304031204283177e-02 5.756430790679745169e-02 5.756430790679745169e-02 8.755405570092505974e-02 6.544380983735147150e-02
5.153938542377520249e-02 5.153938542377520249e-02 6.377904757938107627e-02 1.150264025035540871e-01 9.625644293321657108e-02
5.131697910745242064e-02 4.778002574515925749e-02 5.131697910745242064e-02 9.348107358331379790e-02 8.830202005752062211e-02
8.607853261221418140e-02 9.299339763192016051e-02 8.607853261221418140e-02 1.256207570701951548e-01 1.087688203526917807e-01
5.690753461881935260e-02 5.690753461881935260e-02 5.811151669345201998e-02 9.593606634033216563e-02 6.643693953589879797e-02
9.288975534464379014e-02 8.437552818097120155e-02 8.437552818097120155e-02 1.269409845740311349e-01 8.053202180919850905e-02
8.222633394978931531e-02 7.853630652208251628e-02 7.853630652208251628e-02 1.322847139932839811e-01 1.119319433094388833e-01
6.924192054900106530e-02 6.924192054900106530e-02 6.924192054900106530e-02 1.375871617575604444e-01 1.174228140904984008e-01
6.736763514713650647e-02 6.372197106891666629e-02 6.736763514713650647e-02 1.340500805499752479e-01 1.042154426985283794e-01
5.456662472251468110e-02 5.456662472251468110e-02 5.456662472251468110e-02 1.534234311715863275e-01 1.230345733685593301e-01
6.582979617401023276e-02 6.582979617401023276e-02 6.582979617401023276e-02 1.282074746959099287e-01 1.206865710993753893e-01
6.316104064941155394e-02 6.316104064941155394e-02 6.316104064941155394e-02 1.216995957463406636e-01 1.216306532691548287e-01
3.248450201144541249e-02 3.248450201144541249e-02 3.248450201144541249e-02 1.111142078184252369e-01 9.865303589857073174e-02
5.716282233432921911e-02 5.716282233432921911e-02 5.716282233432921911e-02 1.279311504961611889e-01 9.765702542549017928e-02
9.000908151805987745e-02 6.011750888511444013e-02 6.011750888511444013e-02 1.552782435601306743e-01 1.542412236095209721e-01
1.254517107735888815e-01 9.621123158395658570e-02 9.621123158395658570e-02 3.192475862948502274e-01 2.880488567763986874e-01
6.492963493837204669e-02 5.473844531567237381e-02 4.758837734297823030e-02 1.325994609761202148e-01 1.348796987323516439e-01
5.946919599738362955e-02 7.460659284555484771e-02 5.946919599738362955e-02 1.474859323375878328e-01 1.297953913749131105e-01
1.049876997986678856e-01 1.049876997986678856e-01 1.049876997986678856e-01 2.003234424643032252e-01 1.922382709180144866e-01
7.352908396804361257e-02 7.352908396804361257e-02 7.352908396804361257e-02 1.647224767931398104e-01 1.420049634867153188e-01
7.304288668377045823e-02 7.304288668377045823e-02 7.304288668377045823e-02 1.586314185869593385e-01 1.521284289540049406e-01
7.690087056827710210e-02 7.690087056827710210e-02 7.156412875048902278e-02 1.447195035398521068e-01 1.430561609996085781e-01
1.108396834908870615e-01 7.743246346866483609e-02 7.106799385957907056e-02 1.382888663102249394e-01 1.280433147483331924e-01
4.879603586694338663e-02 4.814217050849785295e-02 4.814217050849785295e-02 9.860158391432512215e-02 1.193251170488821983e-01
5.162905271404635843e-02 7.123531291835978607e-02 7.123531291835978607e-02 1.164985657148853160e-01 1.581631432556433459e-01
9.539126876881894035e-02 9.539126876881894035e-02 9.539126876881894035e-02 1.340700504083088551e-01 1.835165833570920613e-01
8.856179756368004474e-02 8.856179756368004474e-02 8.856179756368004474e-02 1.181961832024475689e-01 1.332654107743200811e-01
6.967538101685981367e-02 6.778090882707750453e-02 6.778090882707750453e-02 1.071609524716236606e-01 1.274885253711697808e-01
9.504691247157039113e-02 9.887574934658073522e-02 9.887574934658073522e-02 8.478824015326884289e-02 9.548179075667415083e-02
6.237046542206671484e-02 7.209891238099569444e-02 7.209891238099569444e-02 8.457235684280960120e-02 9.921668509068212738e-02
6.661358303734601916e-02 6.661358303734601916e-02 6.661358303734601916e-02 9.002053017468504559e-02 1.030464562425771474e-01
6.851135237052830007e-02 6.851135237052830007e-02 6.851135237052830007e-02 7.676607841204949323e-02 9.538073661337179154e-02
7.326864291478038527e-02 8.319462044547232260e-02 8.319462044547232260e-02 7.483297544503886289e-02 9.550735779258484603e-02
7.285380868647993446e-02 7.285380868647993446e-02 7.285380868647993446e-02 7.493072630604893924e-02 8.956369983177052407e-02
7.538193827366229671e-02 7.721853282582349931e-02 7.721853282582349931e-02 7.538193827366229671e-02 1.009172017711189445e-01
6.410931178745432613e-02 7.197175216589477009e-02 7.197175216589477009e-02 6.731088242929422760e-02 8.568661399664019573e-02
7.346930109077853821e-02 6.544252258735544503e-02 6.544252258735544503e-02 6.573026374444886077e-02 7.849825211783889589e-02
5.768816536618186219e-02 5.854490990965022928e-02 4.845038226228168959e-02 5.854490990965022928e-02 8.651494791468641865e-02
6.613957521161477338e-02 6.613957521161477338e-02 6.853035747564173441e-02 7.218828682242586781e-02 8.996568233532357961e-02
6.672444291142654027e-02 6.672444291142654027e-02 6.672444291142654027e-02 7.393865218861414568e-02 9.031810259102932004e-02
5.315257449415568269e-02 5.315257449415568269e-02 5.315257449415568269e-02 6.291943988383064124e-02 9.078039469077316126e-02
6.071332726616916059e-02 6.027523226405384627e-02 6.027523226405384627e-02 7.036381927205270781e-02 9.634645435069388864e-02
7.637134508444740066e-02 7.452865367626561321e-02 7.275722417646032780e-02 7.753910768447244695e-02 8.871295877901221039e-02
6.148842371116160915e-02 6.148842371116160915e-02 6.148842371116160915e-02 7.135466601142621823e-02 9.424977797386732692e-02
5.512315407276177637e-02 5.512315407276177637e-02 5.512315407276177637e-02 5.777050835217980435e-02 6.864331406616065723e-02
8.018043210796144127e-02 6.545986460305060206e-02 6.545986460305060206e-02 8.018043210796144127e-02 9.311786054754446484e-02
5.570014720217975057e-02 5.570014720217975057e-02 5.570014720217975057e-02 6.866555227951143259e-02 8.289517034055965405e-02
5.151025427811158769e-02 5.151025427811158769e-02 5.151025427811158769e-02 5.851862576377416664e-02 6.793727067842923739e-02
4.766920217037423635e-02 4.888664974476959052e-02 4.888664974476959052e-02 6.209251247565417131e-02 8.140123168314065960e-02
5.605749441411180672e-02 5.583938703969616030e-02 5.583938703969616030e-02 7.424874136118779500e-02 8.620370282907953430e-02
6.495460407516839840e-02 6.495460407516839840e-02 6.495460407516839840e-02 6.018715636196987628e-02 7.753759122870902687e-02
5.585036045565276719e-02 4.489864780382286924e-02 4.489864780382286924e-02 5.231773887782429494e-02 6.823183974669584650e-02
5.822783034477383574e-02 4.728447657734346360e-02 4.637514976011181816e-02 6.417720456759154479e-02 6.849705289395199848e-02
4.598360549038178757e-02 4.802136236324807544e-02 4.598360549038178757e-02 5.948165784649950272e-02 7.010279839217301023e-02
5.169886539773372452e-02 4.630701577647476641e-02 4.630701577647476641e-02 6.296302553654808953e-02 7.056953786390611494e-02
5.746830585998935481e-02 6.404939757135154343e-02 6.404939757135154343e-02 8.073886305532229635e-02 8.133104666496783486e-02
3.520534268398935185e-02 3.992237789656975094e-02 4.089214367901543301e-02 5.934643424506250153e-02 5.525110491478399388e-02
5.043729668107612557e-02 6.129454711042110066e-02 6.129454711042110066e-02 8.040227477938428902e-02 7.467822826893097399e-02
4.818367985920271601e-02 4.818367985920271601e-02 5.430417175283419606e-02 7.562201377856755946e-02 7.637957696128212792e-02
5.259261810900558998e-02 5.259261810900558998e-02 5.259261810900558998e-02 8.726130544129342970e-02 8.799553312700456043e-02
