3.774027924550019120e-01
1.930183353375961586e-01
1.534063888990812308e-01
2.239269859600967472e-01
2.506422592729592447e-01
1.449144303592961036e-01
1.098652774377970043e-01
9.655440866085249207e-02
1.613967976579191721e-01
6.819191683419480177e-02
1.028500231472955079e-01
5.961055713106049037e-02
5.467390895078498569e-02
8.861388905883757494e-02
1.150275486011104881e-01
7.041424196491619103e-02
7.644537975877177538e-02
1.104542981324751344e-01
8.395004681126218282e-02
9.165757194474537239e-02
7.704546354886357418e-02
8.606019957473259874e-02
8.742641342772937418e-02
8.421800125062482711e-02
5.047507981900149765e-02
6.868925704592480919e-02
5.980130012007257856e-02
6.692618179230795661e-02
8.590783146183918195e-02
7.484652837172652007e-02
6.481880060155632839e-02
7.745724177595118831e-02
5.598770801872859221e-02
1.193669417339438266e-01
1.241296798494678916e-01
8.758831735987712697e-02
7.419433420402674062e-02
1.122249764682987927e-01
1.007746142917125415e-01
1.173778746386333616e-01
8.789769027947266777e-02
7.471161614330543155e-02
7.263443729224576539e-02
1.096007141079342745e-01
1.002102586160951159e-01
7.677537063121292471e-02
5.872288233041304123e-02
8.085377714399227811e-02
7.910893251538378412e-02
7.041307296517500258e-02
6.361654119939973151e-02
5.676537325043554127e-02
7.555026270179572567e-02
8.496857048389901135e-02
6.657664612586740305e-02
7.310601779598074890e-02
7.556990497033627685e-02
7.048837757750769928e-02
6.485960623380561396e-02
5.008325410642262832e-02
7.439932903616112980e-02
7.290730420713147086e-02
7.929654589204700177e-02
6.628011520156291969e-02
7.611209761991624689e-02
6.861137257294633307e-02
7.645333412814923901e-02
6.212653510601626183e-02
7.920404093825376968e-02
7.020331134392499006e-02
5.819820497606364301e-02
7.742582219757428164e-02
9.590827645376580335e-02
5.556973539380290206e-02
6.167870652649692226e-02
5.237669498000341317e-02
7.719680988227535512e-02
6.866064251127013129e-02
7.633444914355642930e-02
7.317687820456882097e-02
6.924985256591015270e-02
5.727026358540633633e-02
5.669933939546607099e-02
5.031499420219111979e-02
5.666754308852801902e-02
6.213956493353957333e-02
5.018973202527632349e-02
5.392760474249568003e-02
5.587203723618040102e-02
6.711883938613240341e-02
5.426537981419659457e-02
9.976675743938524799e-02
3.961099745359796670e-02
4.139180134692239249e-02
7.612743487910891838e-02
4.552079719237719924e-02
9.104805015917390165e-02
3.484000757308054752e-02
4.330488054288187533e-02
2.924342731449575128e-02
3.339781119389242936e-02
2.279372899900413210e-02
3.906860840081022995e-02
4.328528275238115175e-02
3.586698834544468223e-02
4.090613467654168750e-02
5.898407055721981845e-02
3.023280631214098763e-02
2.334624252650442308e-02
4.270846020779373031e-02
2.624897407366425656e-02
4.485840253287323026e-02
3.699404845819511539e-02
2.678039200276208232e-02
2.732545335746617773e-02
4.645991270901323605e-02
3.375197120334014894e-02
3.679239491312488036e-02
5.261576278531133327e-02
4.062847907335200015e-02
5.744395771578309634e-02
5.233786096707850749e-02
4.351732470540205233e-02
4.470147231762549439e-02
5.160403158671383189e-02
4.447374924167293159e-02
4.599707125299153793e-02
3.812773111839687368e-02
7.216775731455686571e-02
8.231805613141814082e-02
6.926383705401287227e-02
5.779048718062174822e-02
5.894762900345460604e-02
5.841947785193105092e-02
7.658504884017730552e-02
7.365809171965699564e-02
8.431568941141172335e-02
4.534682778786594537e-02
6.831504498170705431e-02
5.009913238037922573e-02
6.741752631520933625e-02
1.065275986946321307e-01
6.624673328672397998e-02
4.489818824974022710e-02
6.837538370538320809e-02
6.154619435501577224e-02
6.060315352824767465e-02
5.509632791949217040e-02
6.119750493967738431e-02
9.214105413319680082e-02
6.992606420555846913e-02
6.464527233651932991e-02
8.217031683839579048e-02
5.187401638572711887e-02
4.704631355087869615e-02
5.904080512744233622e-02
5.408412750558246745e-02
9.217503124371438650e-02
6.210247528953208307e-02
6.604176454026211562e-02
6.408733042015433978e-02
6.051128967659429037e-02
6.584653022943379175e-02
6.409337797304151541e-02
1.165786399522358990e-01
6.123578018107254939e-02
5.939079736360557138e-02
6.448524785304393658e-02
5.159683911465138412e-02
5.874621073600074656e-02
7.154040980144725503e-02
4.216814614179808379e-02
6.244661147154247777e-02
6.108033558166087867e-02
6.658365739896879298e-02
4.851113545076576883e-02
6.331546481827357575e-02
4.962163989285760940e-02
5.921084164722931892e-02
4.952245955753410006e-02
4.537282354769116982e-02
5.380975828290626012e-02
5.653610991501176880e-02
4.872468332182275375e-02
5.839139451076356263e-02
6.057139477490831175e-02
6.270663938438617024e-02
4.220858749180885633e-02
5.890786455536883848e-02
4.668315144454932702e-02
5.112677404159317318e-02
