3.663405594174914404e-01 3.776422419258692043e-01 3.776422419258692043e-01 3.776422419258692043e-01 3.776422419258692043e-01
1.483924614592510294e-01 1.570805748807741764e-01 1.570805748807741764e-01 1.570805748807741764e-01 1.570805748807741764e-01
1.436883249378395622e-01 1.470643157482766361e-01 1.470643157482766361e-01 1.470643157482766361e-01 1.470643157482766361e-01
2.632564646923047924e-01 2.632564646923047924e-01 2.637868308155081332e-01 2.637868308155081332e-01 2.637868308155081332e-01
2.301427242819200636e-01 2.036987714086125612e-01 1.941739298383490520e-01 1.941739298383490520e-01 1.941739298383490520e-01
1.430721187348246715e-01 1.430721187348246715e-01 1.442567709470015114e-01 1.442567709470015114e-01 1.442567709470015114e-01
1.176585343349204060e-01 1.298804906300116968e-01 1.542363048404864212e-01 1.542363048404864212e-01 1.542363048404864212e-01
1.116835558103500686e-01 9.967902715102133770e-02 1.133748062211045737e-01 1.133748062211045737e-01 1.133748062211045737e-01
1.439105103898746241e-01 1.661211013549609705e-01 1.439105103898746241e-01 1.439105103898746241e-01 1.439105103898746241e-01
6.809502396862721074e-02 7.073874899282034390e-02 6.407037012917575491e-02 6.407037012917575491e-02 6.407037012917575491e-02
7.159663279372965872e-02 7.503186231212014001e-02 7.159663279372965872e-02 7.159663279372965872e-02 7.159663279372965872e-02
4.393581528912019613e-02 4.474983328866095900e-02 4.395123173570791852e-02 4.395123173570791852e-02 4.395123173570791852e-02
5.726772513175683310e-02 4.650618114423818450e-02 4.410124806864636204e-02 4.410124806864636204e-02 4.410124806864636204e-02
1.084355959776590606e-01 1.084355959776590606e-01 1.084355959776590606e-01 1.084355959776590606e-01 1.084355959776590606e-01
9.231481609351865902e-02 9.039828212827219489e-02 9.039828212827219489e-02 9.039828212827219489e-02 9.039828212827219489e-02
7.361379211008726997e-02 6.846038994641907849e-02 7.602993283185030537e-02 7.602993283185030537e-02 7.602993283185030537e-02
6.266867099670177244e-02 6.215128297761028653e-02 6.215512342197000023e-02 6.276965655857474902e-02 6.276965655857474902e-02
1.255945768732973644e-01 1.210279966079469971e-01 1.198601697911555602e-01 1.224287586848909620e-01 1.224287586848909620e-01
9.828826015211229727e-02 8.125612505354085080e-02 8.125612505354085080e-02 8.034431853218219899e-02 8.034431853218219899e-02
6.378631797259409764e-02 6.315076897199391193e-02 6.204231724446586382e-02 6.378631797259409764e-02 6.378631797259409764e-02
6.112013343666440612e-02 8.474193738348469174e-02 6.112013343666440612e-02 6.203072840611786182e-02 6.203072840611786182e-02
7.794446867285181879e-02 7.220712557082582805e-02 7.220712557082582805e-02 7.487725918158223692e-02 7.487725918158223692e-02
8.261802567412622478e-02 8.547967915355732249e-02 7.948681505811043546e-02 7.948681505811043546e-02 7.948681505811043546e-02
1.118771336653152093e-01 1.118771336653152093e-01 1.054306767056743810e-01 1.054306767056743810e-01 1.054306767056743810e-01
8.862035046739112631e-02 9.328007644082547678e-02 8.614400321791380877e-02 7.936926851460758547e-02 7.936926851460758547e-02
7.502922000505465872e-02 7.502922000505465872e-02 7.502922000505465872e-02 7.502922000505465872e-02 7.502922000505465872e-02
5.217278752389778451e-02 5.217278752389778451e-02 5.859470384687750361e-02 5.438694173326791975e-02 5.438694173326791975e-02
7.328740647063494706e-02 7.328740647063494706e-02 7.328740647063494706e-02 7.727037443180330423e-02 7.727037443180330423e-02
6.493352526454493345e-02 6.209230524358932968e-02 6.209230524358932968e-02 6.493352526454493345e-02 6.493352526454493345e-02
1.053281659985410013e-01 8.925170742489030307e-02 8.925170742489030307e-02 8.559418468592031037e-02 8.559418468592031037e-02
6.669809272198154448e-02 6.635130181056740628e-02 6.635130181056740628e-02 6.762201390134793544e-02 6.762201390134793544e-02
9.099777709432149697e-02 6.933619294275013278e-02 6.933619294275013278e-02 7.584772244652816797e-02 7.584772244652816797e-02
1.154015822479827480e-01 6.373622041722569465e-02 6.373622041722569465e-02 6.213069990245665558e-02 6.213069990245665558e-02
9.312960627572393346e-02 1.008437347727503680e-01 1.072195808999575062e-01 1.072195808999575062e-01 1.072195808999575062e-01
1.129586786875060311e-01 9.477768027996887057e-02 9.477768027996887057e-02 1.186827922682584524e-01 1.186827922682584524e-01
6.844541820291873135e-02 6.846204152729896963e-02 7.185375920651200510e-02 7.265601455313745738e-02 7.265601455313745738e-02
8.756699939694066737e-02 8.819684083490351989e-02 8.819684083490351989e-02 7.726759140356596889e-02 7.726759140356596889e-02
8.352202005248744732e-02 8.352202005248744732e-02 8.352202005248744732e-02 1.092989169718777409e-01 1.092989169718777409e-01
6.869708172868524421e-02 6.869708172868524421e-02 7.186001502702647759e-02 8.549407744616147053e-02 8.549407744616147053e-02
9.730241026992871023e-02 9.398655816648496253e-02 8.738925135770757302e-02 8.534127038709882207e-02 8.534127038709882207e-02
7.878096313673854656e-02 7.878096313673854656e-02 7.878096313673854656e-02 8.018410712757388648e-02 8.018410712757388648e-02
9.195471147295862513e-02 9.195471147295862513e-02 9.195471147295862513e-02 1.029343524283252570e-01 1.029343524283252570e-01
7.979023009715989490e-02 8.349112834186082910e-02 8.349112834186082910e-02 1.110374527400710548e-01 1.110374527400710548e-01
1.154790197625112230e-01 1.007580716115040464e-01 1.007580716115040464e-01 1.149978777509497452e-01 1.149978777509497452e-01
7.169793032612445383e-02 7.169793032612445383e-02 5.725735718003718139e-02 6.666336697342090112e-02 6.666336697342090112e-02
7.446896179149295469e-02 7.011694332226731108e-02 7.446896179149295469e-02 8.678779140341967568e-02 8.678779140341967568e-02
6.385858556947690556e-02 6.385858556947690556e-02 6.385858556947690556e-02 7.440400960940206365e-02 7.440400960940206365e-02
7.984125619349249914e-02 7.984125619349249914e-02 7.984125619349249914e-02 9.653936601811595464e-02 9.653936601811595464e-02
8.534620932156249118e-02 8.333385019776429203e-02 8.333385019776429203e-02 7.981300999109652849e-02 7.981300999109652849e-02
6.482018559613285380e-02 7.064680433497012857e-02 6.632487910007986431e-02 7.215386943712855106e-02 7.215386943712855106e-02
7.574320894787148206e-02 7.320954272344346037e-02 7.320954272344346037e-02 8.340272542319850102e-02 8.340272542319850102e-02
7.223716019539030975e-02 6.486650853788387960e-02 8.025915563310527523e-02 8.822950397091430808e-02 8.822950397091430808e-02
8.665003759707355646e-02 8.665003759707355646e-02 7.820682837871768822e-02 8.300301034271273526e-02 8.300301034271273526e-02
7.432213216398377009e-02 7.982139809292011778e-02 7.504193305265610681e-02 8.588797450147049595e-02 8.588797450147049595e-02
7.924578566409766489e-02 7.358558492329388134e-02 7.358558492329388134e-02 7.924578566409766489e-02 7.924578566409766489e-02
7.278928219129227051e-02 6.633741614455680724e-02 6.416032028086517125e-02 7.278928219129227051e-02 7.278928219129227051e-02
8.971236132782796358e-02 8.837684822220345793e-02 8.837684822220345793e-02 9.796514463253563898e-02 9.796514463253563898e-02
7.514496932380497485e-02 7.516936019081216225e-02 7.516936019081216225e-02 8.636267180453259529e-02 8.636267180453259529e-02
7.235915785079956308e-02 7.235915785079956308e-02 7.235915785079956308e-02 6.357735543617694385e-02 6.357735543617694385e-02
5.493737458612010099e-02 5.493737458612010099e-02 5.347124973796311964e-02 6.404251070922897804e-02 6.404251070922897804e-02
6.748375960273718388e-02 6.748375960273718388e-02 6.268841963260768368e-02 6.742915971853946644e-02 6.742915971853946644e-02
6.591056669081639396e-02 6.591056669081639396e-02 7.708145740579004646e-02 8.051755896102584520e-02 8.051755896102584520e-02
7.907898626141318665e-02 6.865509062548363906e-02 6.763476629369850890e-02 7.404922387378284898e-02 7.404922387378284898e-02
7.926118966652741238e-02 8.262952887166945259e-02 8.670015462830486797e-02 9.547366268014367829e-02 9.524204004345704355e-02
7.299013019992545148e-02 7.299013019992545148e-02 7.299013019992545148e-02 7.787927300770956796e-02 7.787927300770956796e-02
6.172021102796648034e-02 6.513070732486837822e-02 6.513070732486837822e-02 9.044762771051177708e-02 9.044762771051177708e-02
8.614096652857156089e-02 8.614096652857156089e-02 8.614096652857156089e-02 7.198750110296463223e-02 7.227737046324279879e-02
5.119477792765452645e-02 5.119477792765452645e-02 6.414332495375979493e-02 7.392277063862243147e-02 7.641450676981520473e-02
6.932341374189164573e-02 6.970455669476642580e-02 8.358570559979336401e-02 7.357262662088097371e-02 7.465902456054090974e-02
6.110424534478234304e-02 7.136761174018153853e-02 6.396516849953444439e-02 8.526601696142342701e-02 8.526601696142342701e-02
5.852427512929468667e-02 5.852427512929468667e-02 6.743462907491838687e-02 8.128121958574635597e-02 8.538449103875014878e-02
7.328124553322358514e-02 6.869540848352966023e-02 8.460032937621682347e-02 8.668918063027723775e-02 8.668918063027723775e-02
6.371990501017291142e-02 6.371990501017291142e-02 8.857654301878739589e-02 1.219207435018283825e-01 1.219207435018283825e-01
5.687226798318052029e-02 5.687226798318052029e-02 7.518352874741676684e-02 1.120074383145068797e-01 1.124028661978909299e-01
7.119055360743983818e-02 7.119055360743983818e-02 9.084991703553482734e-02 1.379087451761216443e-01 1.377391170238802531e-01
5.615574007001209594e-02 5.615574007001209594e-02 7.976233775060316555e-02 1.083293062542501489e-01 1.042292338515416472e-01
5.867586811308987682e-02 5.867586811308987682e-02 7.722017189341272292e-02 1.229681142775304326e-01 1.257399634813960443e-01
7.639446343611287771e-02 7.186690658073185967e-02 8.795729334297153201e-02 1.167119029635313027e-01 1.195123109811400131e-01
6.003051625624220011e-02 6.003051625624220011e-02 6.503878816453595446e-02 8.488325277071274988e-02 8.916476821201384240e-02
5.752698664396996286e-02 5.752698664396996286e-02 7.445602574071115420e-02 1.363202350599579948e-01 1.432787407455635154e-01
8.731155069159175774e-02 8.731155069159175774e-02 8.450504915103855541e-02 1.190462138523080554e-01 1.332909393218358329e-01
7.009003496418653167e-02 7.068417557607492574e-02 7.009003496418653167e-02 1.065083357263563735e-01 1.083730284402476263e-01
5.093184404608325916e-02 4.924618798488385879e-02 5.145459432892193069e-02 8.919610960235421770e-02 9.010547989494670229e-02
6.150937248867396206e-02 6.150937248867396206e-02 5.586721448612279317e-02 8.338798208325085004e-02 8.805814439073857136e-02
6.510550047853191913e-02 6.510550047853191913e-02 6.510550047853191913e-02 9.532993369456119193e-02 1.017320261070464443e-01
7.795633488580061554e-02 7.007584079360644480e-02 7.007584079360644480e-02 9.428181541366049967e-02 9.994380575995770455e-02
5.859877546828850398e-02 5.859877546828850398e-02 5.859877546828850398e-02 1.143905228903300125e-01 1.286364029058829905e-01
5.321663873004280759e-02 4.585738743315112553e-02 4.585738743315112553e-02 8.332491461350863271e-02 8.931344587758643927e-02
6.554841331736882548e-02 7.222089230218173284e-02 7.222089230218173284e-02 7.951055485304717174e-02 8.495990193554982250e-02
6.866917428940812196e-02 6.866917428940812196e-02 6.866917428940812196e-02 8.793914122443254044e-02 1.066856659742512897e-01
5.450458610425988615e-02 5.088682273485134466e-02 5.088682273485134466e-02 8.046083076825234770e-02 7.741710908581693473e-02
1.103794032923950952e-01 1.103794032923950952e-01 1.106859692951533275e-01 1.049183747724077437e-01 1.108797835825425793e-01
5.528227198714234791e-02 4.790522328886280545e-02 4.293550451415380914e-02 8.082213795594862804e-02 9.003846589224297203e-02
5.787247019396014186e-02 5.787247019396014186e-02 5.787247019396014186e-02 7.607836566372924714e-02 9.473162058603837310e-02
7.916789475365466899e-02 7.916789475365466899e-02 7.916789475365466899e-02 9.343823920349544898e-02 1.071515234826435625e-01
4.918948790810612898e-02 4.918948790810612898e-02 4.918948790810612898e-02 7.013285928749829479e-02 7.974577686957201594e-02
6.732134793182933952e-02 6.732134793182933952e-02 6.732134793182933952e-02 7.087639232951994939e-02 7.985886762019443752e-02
6.623439442532058630e-02 4.951485445821196540e-02 4.951485445821196540e-02 9.697187942639184932e-02 1.115824084687732781e-01
4.633893253676582558e-02 4.633893253676582558e-02 4.633893253676582558e-02 7.569187838722375716e-02 7.728642751221199980e-02
4.313895394348200157e-02 3.948015658108944281e-02 3.948015658108944281e-02 5.758171214523903625e-02 8.403110665875773710e-02
4.044537468128239777e-02 4.044537468128239777e-02 4.044537468128239777e-02 6.474872357626891561e-02 7.732344855611601731e-02
5.167257428577244627e-02 5.167257428577244627e-02 5.167257428577244627e-02 4.928433522562947200e-02 7.028484583308966527e-02
4.966632616180728654e-02 3.978899584263347056e-02 3.978899584263347056e-02 5.922679095998134580e-02 7.464661667084347696e-02
2.860141250461468998e-02 2.860141250461468998e-02 2.860141250461468998e-02 6.171134234081008391e-02 8.271655176595016368e-02
3.428421376247237085e-02 3.428421376247237085e-02 3.428421376247237085e-02 5.022965850920412673e-02 6.112495917757233138e-02
3.273672240520072996e-02 3.273672240520072996e-02 3.273672240520072996e-02 5.654820106980055355e-02 8.079230288772887292e-02
4.617635543560591471e-02 4.617635543560591471e-02 4.617635543560591471e-02 6.865239084000997194e-02 7.476287474549198064e-02
3.937692317683093302e-02 3.184985790134430700e-02 3.184985790134430700e-02 4.116384922010368763e-02 6.075874048565807484e-02
3.949772731053463604e-02 4.296821706311085981e-02 3.553134141304858939e-02 5.079979527124069832e-02 7.159833134207954641e-02
6.126243209027990022e-02 4.165247575240760974e-02 4.114232394984210922e-02 5.269444891350773263e-02 7.228647190845928494e-02
3.230806372152690564e-02 3.230806372152690564e-02 3.230806372152690564e-02 4.552995427146851182e-02 6.418677347697529512e-02
4.175093102447935411e-02 4.175093102447935411e-02 4.175093102447935411e-02 4.923072351181442124e-02 8.293209173736296180e-02
4.420727932808158483e-02 3.530851015739719378e-02 3.530851015739719378e-02 5.927579538958585581e-02 8.366940096103742119e-02
3.421213270180507166e-02 3.421213270180507166e-02 3.421213270180507166e-02 4.617025212232982179e-02 6.587807496633474313e-02
2.893165078077785876e-02 2.964214072613249526e-02 2.964214072613249526e-02 4.021128886615648462e-02 6.468297847993338678e-02
2.503550289634356649e-02 2.766671478180036253e-02 2.766671478180036253e-02 4.831313848104480668e-02 6.740589696885414261e-02
4.312031997984770021e-02 4.312031997984770021e-02 4.312031997984770021e-02 3.282513737067376675e-02 5.231567292916778494e-02
3.555502224712455556e-02 3.232359993391307335e-02 2.918916543689625484e-02 4.642493467734071927e-02 6.538199724135251856e-02
4.930370242309873446e-02 3.840160964442989461e-02 3.840160964442989461e-02 4.930370242309873446e-02 7.820612472799061410e-02
5.372132733037403296e-02 5.372132733037403296e-02 5.522813277476711774e-02 5.372132733037403296e-02 6.431086783378196781e-02
5.094218213133909490e-02 5.094218213133909490e-02 4.441201753259797769e-02 5.094218213133909490e-02 6.746739304180165986e-02
5.971498683514783745e-02 6.332572845992742727e-02 6.296625001920230780e-02 6.332572845992742727e-02 6.739268920115754069e-02
6.262427910342634185e-02 6.262427910342634185e-02 6.262427910342634185e-02 6.262427910342634185e-02 6.320486098865141233e-02
4.375803177852456705e-02 3.418555264909715896e-02 3.418555264909715896e-02 3.418555264909715896e-02 3.880849197551206053e-02
4.515837832246064748e-02 5.020810726796703927e-02 4.019720955294281417e-02 4.019720955294281417e-02 4.518871082161405456e-02
6.345887455206142280e-02 6.345887455206142280e-02 6.345887455206142280e-02 6.345887455206142280e-02 6.336702863977326794e-02
4.684359744585118307e-02 4.684359744585118307e-02 5.719783860177634488e-02 5.719783860177634488e-02 3.938318019905851647e-02
4.445895520114927918e-02 4.445895520114927918e-02 6.936948268330996037e-02 6.936948268330996037e-02 5.712860030682536533e-02
4.385394241090823791e-02 4.863909879382974366e-02 7.192553990529156061e-02 7.192553990529156061e-02 6.186945524584810258e-02
6.744293574042760364e-02 5.310122383600317936e-02 5.310122383600317936e-02 8.008330981238928614e-02 6.879074954408036235e-02
5.542044334881868206e-02 5.542044334881868206e-02 5.542044334881868206e-02 1.017245585698971500e-01 7.588962330264706346e-02
6.187572795254612373e-02 7.204763690560918310e-02 8.852741676473001309e-02 1.150948366539857742e-01 9.214416719847945414e-02
5.361059940957074721e-02 5.361059940957074721e-02 7.020039108477491019e-02 1.336001000332649180e-01 1.196903723596990377e-01
7.153574371907223117e-02 7.153574371907223117e-02 6.749540479814424010e-02 1.199063960982039573e-01 1.048458867013577211e-01
6.226339577641987894e-02 6.177870585512956064e-02 6.159969225969567919e-02 1.262047017302746765e-01 9.108266920745901329e-02
5.120337977651679556e-02 5.382564706824519846e-02 5.120337977651679556e-02 1.188770412236558188e-01 8.597883248551350943e-02
8.222318003772689787e-02 6.496518414613529357e-02 6.363133125541026169e-02 1.167930577236836742e-01 8.222318003772689787e-02
6.915682153983522540e-02 6.915682153983522540e-02 7.298488591530837011e-02 1.233500088817257589e-01 9.061695060116253808e-02
7.488094092844441163e-02 7.430909716918412955e-02 7.430909716918412955e-02 1.452351005008784557e-01 1.199798224851609668e-01
4.318204099015106323e-02 4.318204099015106323e-02 4.318204099015106323e-02 1.156401790287486103e-01 8.654033129489559217e-02
5.345008535424827789e-02 5.345008535424827789e-02 5.345008535424827789e-02 1.410105336858434311e-01 1.334792260380507634e-01
6.902719568908456671e-02 4.695515331118933766e-02 4.695515331118933766e-02 1.105150100133795027e-01 1.179678288329546049e-01
4.592498269570258890e-02 4.592498269570258890e-02 4.592498269570258890e-02 1.265132208049317142e-01 1.071561813361939786e-01
3.829087253871422958e-02 3.829087253871422958e-02 4.214192349482292349e-02 9.399331537131891401e-02 7.164507003062065005e-02
6.415091440747973384e-02 5.200799179418420098e-02 5.200799179418420098e-02 1.381793621532769745e-01 1.294744120172702517e-01
3.849789067970542378e-02 3.883862853892069977e-02 3.849789067970542378e-02 1.163137533882219604e-01 1.175650161885874873e-01
1.324440081096956989e-01 9.384114129485114641e-02 9.384114129485114641e-02 2.050202670647754133e-01 2.243002256914360670e-01
7.333838608154726046e-02 7.333838608154726046e-02 8.702688819751580596e-02 1.552828857446054700e-01 1.091388184137226103e-01
5.891972129607053743e-02 5.891972129607053743e-02 5.891972129607053743e-02 1.477706518988673445e-01 1.558007211174855244e-01
5.346146408761068280e-02 5.346146408761068280e-02 5.346146408761068280e-02 1.716237290743473365e-01 1.893233624072889754e-01
1.087104236120958051e-01 1.087104236120958051e-01 1.087104236120958051e-01 1.578084394950533265e-01 1.625964721700058901e-01
6.036661186046173022e-02 6.036661186046173022e-02 6.036661186046173022e-02 1.466944116772181950e-01 1.452779696707501844e-01
6.212495964661350623e-02 6.212495964661350623e-02 6.212495964661350623e-02 1.359591376737731006e-01 1.324268133619642129e-01
7.458929389854034031e-02 7.458929389854034031e-02 7.458929389854034031e-02 1.547824985070732629e-01 1.558164500918850226e-01
4.748129219004647988e-02 4.748129219004647988e-02 4.748129219004647988e-02 1.106029031922988043e-01 1.172320350399526506e-01
6.259367981531510639e-02 6.259367981531510639e-02 6.259367981531510639e-02 1.088999489112588703e-01 1.193518915926242985e-01
6.066535753595024560e-02 5.640547583778175028e-02 5.640547583778175028e-02 1.134610626390674809e-01 1.362633411781903059e-01
7.839328258685537842e-02 7.071673433033247302e-02 7.071673433033247302e-02 1.034968418544401914e-01 1.153678646690778076e-01
7.927100866531347489e-02 7.927100866531347489e-02 7.927100866531347489e-02 1.198012790973402159e-01 1.279237290852064390e-01
7.364752347324125814e-02 7.645158647504968208e-02 7.645158647504968208e-02 8.148292708723078870e-02 1.036220915125522501e-01
6.538993528871420158e-02 6.538993528871420158e-02 6.538993528871420158e-02 7.541398890415736134e-02 1.005248892087240997e-01
6.933500060732823711e-02 6.650889298085189971e-02 6.933500060732823711e-02 7.618573324624267062e-02 8.101779951172236038e-02
6.228329086696613587e-02 5.258127712948350990e-02 5.258127712948350990e-02 6.164234388206044080e-02 8.409034294756109751e-02
5.689755589098241528e-02 5.689755589098241528e-02 5.689755589098241528e-02 6.248598128592300349e-02 1.043183578620099361e-01
8.360600801901729717e-02 7.983352337634599949e-02 7.983352337634599949e-02 7.053902403349783523e-02 9.711744268595846885e-02
5.822775731232382457e-02 5.822775731232382457e-02 5.822775731232382457e-02 6.499238825020282884e-02 8.154590742442127671e-02
6.776147183708197685e-02 6.776147183708197685e-02 6.776147183708197685e-02 6.677806386771574509e-02 7.585432424995901257e-02
6.124967062687184521e-02 6.367362428334517876e-02 6.367362428334517876e-02 6.124967062687184521e-02 9.738183026060490133e-02
7.272971134954166195e-02 6.548213646422017253e-02 5.666069875705587178e-02 5.722164806804114906e-02 8.199885953222374457e-02
6.319876870707769045e-02 7.129975087511045140e-02 7.313806324724030083e-02 8.725425265132891184e-02 1.099631268638462528e-01
7.769589578581970191e-02 7.769589578581970191e-02 6.756598028315806415e-02 8.743046989340251540e-02 9.253640461997285349e-02
6.832933974910257446e-02 6.832933974910257446e-02 6.832933974910257446e-02 7.599516688333103620e-02 9.108988312680371680e-02
6.042394056349129072e-02 6.042394056349129072e-02 6.042394056349129072e-02 7.007824467127914125e-02 9.609159051614203639e-02
6.439842589769412262e-02 5.050661489578534002e-02 5.050661489578534002e-02 6.501991571032153527e-02 9.650278866291078783e-02
5.119038810967950492e-02 5.119038810967950492e-02 5.119038810967950492e-02 6.843661223203302557e-02 8.266127126412732562e-02
5.241804247176153064e-02 5.241804247176153064e-02 5.970853843817854056e-02 5.970853843817854056e-02 7.616505564361251979e-02
5.740204097770944258e-02 4.619558329528103413e-02 6.221313679748440018e-02 6.221313679748440018e-02 9.370252249308487491e-02
5.439090077149032892e-02 5.439090077149032892e-02 7.368637017412195400e-02 7.368637017412195400e-02 9.591736230243667893e-02
7.321250729365565146e-02 5.075032963326945451e-02 7.289041127823941979e-02 7.289041127823941979e-02 9.535454297331476259e-02
4.125076770701605750e-02 4.125076770701605750e-02 4.125076770701605750e-02 6.854076156256616592e-02 8.435430152898733269e-02
4.776595875797282759e-02 4.776595875797282759e-02 4.776595875797282759e-02 5.098082480773951514e-02 6.895331545689122044e-02
5.342032230464118653e-02 5.342032230464118653e-02 5.342032230464118653e-02 6.230031148888277859e-02 8.524766650115332689e-02
4.213305410763145548e-02 4.213305410763145548e-02 4.213305410763145548e-02 5.356006930902224711e-02 7.396488589518802892e-02
4.505432542328717538e-02 4.505432542328717538e-02 4.505432542328717538e-02 5.468916698537577142e-02 6.833766022052999156e-02
5.775169648263753924e-02 5.775169648263753924e-02 5.775169648263753924e-02 6.293476786111365517e-02 7.363175391303924955e-02
5.461497584239787678e-02 5.461497584239787678e-02 5.461497584239787678e-02 6.285896789357638126e-02 6.995292555231365228e-02
5.065525016587666546e-02 5.127236630519297483e-02 5.127236630519297483e-02 6.754052601661894584e-02 7.581057233743888901e-02
5.490312987048794752e-02 5.179422424409461240e-02 5.179422424409461240e-02 7.083572105102135807e-02 6.677018145155602658e-02
4.432848546378526100e-02 4.287701969240508698e-02 4.287701969240508698e-02 6.437525661223560125e-02 6.543981204780091598e-02
4.468076282053336235e-02 4.468076282053336235e-02 4.974031952983531263e-02 6.638169755378048320e-02 6.752896405957004022e-02
3.865064286561557122e-02 3.865064286561557122e-02 4.931153877543233838e-02 7.490212993348069337e-02 6.619920238161915160e-02
