2.614157675258705349e-01 2.614157675258705349e-01 2.614157675258705349e-01 2.614157675258705349e-01 2.614157675258705349e-01
1.954093094108492190e-01 1.954093094108492190e-01 1.954093094108492190e-01 1.954093094108492190e-01 1.954093094108492190e-01
1.698276781835099114e-01 1.698276781835099114e-01 1.698276781835099114e-01 1.698276781835099114e-01 1.698276781835099114e-01
2.547903564959047018e-01 2.733149147814242785e-01 2.733149147814242785e-01 2.733149147814242785e-01 2.733149147814242785e-01
1.670548893219213626e-01 2.074854154620228708e-01 2.074854154620228708e-01 2.074854154620228708e-01 2.074854154620228708e-01
1.350830077159816955e-01 1.256847973632155557e-01 1.331884955367945433e-01 1.331884955367945433e-01 1.331884955367945433e-01
1.213529453541864478e-01 1.138763680992642968e-01 1.875598664539070426e-01 1.875598664539070426e-01 1.875598664539070426e-01
1.527349773973883940e-01 1.527349773973883940e-01 1.367907681512610940e-01 1.367907681512610940e-01 1.367907681512610940e-01
1.425382898649742158e-01 1.868948584115900646e-01 1.434050478654594896e-01 1.434050478654594896e-01 1.434050478654594896e-01
7.997968512139060071e-02 7.952352871414659907e-02 7.997968512139060071e-02 7.997968512139060071e-02 7.997968512139060071e-02
7.698154083417847737e-02 7.698154083417847737e-02 7.698154083417847737e-02 7.698154083417847737e-02 7.698154083417847737e-02
5.584828600048378361e-02 5.584828600048378361e-02 6.635651678432191725e-02 6.635651678432191725e-02 6.635651678432191725e-02
5.880653876742773789e-02 5.442002757358829768e-02 5.804671812646353124e-02 5.804671812646353124e-02 5.804671812646353124e-02
1.044800503538979991e-01 1.029164433417586177e-01 1.029164433417586177e-01 1.029164433417586177e-01 1.029164433417586177e-01
1.238330257239534937e-01 1.229019971453150645e-01 1.229019971453150645e-01 1.229019971453150645e-01 1.229019971453150645e-01
8.523712175489207843e-02 8.523712175489207843e-02 7.719823322844521218e-02 7.719823322844521218e-02 7.719823322844521218e-02
7.451695405419271612e-02 7.451695405419271612e-02 7.324913159799104068e-02 7.324913159799104068e-02 7.324913159799104068e-02
1.132705622604273654e-01 1.132705622604273654e-01 1.211611292442902749e-01 1.211611292442902749e-01 1.211611292442902749e-01
8.374163703439566064e-02 8.189678607051259496e-02 7.814268523843248548e-02 8.414805437770286889e-02 8.414805437770286889e-02
1.014030030546488326e-01 9.709328867611299874e-02 1.014030030546488326e-01 1.018037392674784603e-01 1.018037392674784603e-01
7.524610035970549782e-02 8.349349275418230243e-02 8.329424487479335226e-02 8.661000738993761272e-02 8.661000738993761272e-02
7.549076371562077337e-02 7.417326359886550202e-02 7.417326359886550202e-02 7.039740876986133600e-02 7.039740876986133600e-02
9.721518970859795161e-02 8.352712537620270161e-02 8.893891066982656524e-02 8.893891066982656524e-02 8.893891066982656524e-02
1.120186424614146303e-01 1.120186424614146303e-01 1.179707940099164742e-01 1.179707940099164742e-01 1.179707940099164742e-01
8.238659334101246234e-02 8.564330541834716537e-02 7.558162594340780971e-02 7.558162594340780971e-02 7.558162594340780971e-02
8.598453728237770433e-02 7.499193272506769758e-02 8.080045947766591186e-02 8.598453728237770433e-02 8.598453728237770433e-02
5.310469520922248693e-02 6.222300247358784897e-02 5.823430590184652811e-02 6.660818954069130937e-02 6.660818954069130937e-02
7.373089923917224009e-02 7.393740766879640380e-02 7.185793315821453753e-02 7.393740766879640380e-02 7.393740766879640380e-02
1.099891198262731157e-01 1.064917283019769928e-01 1.099891198262731157e-01 1.064917283019769928e-01 1.064917283019769928e-01
7.344400555310356959e-02 7.344400555310356959e-02 7.344400555310356959e-02 8.051330350115955270e-02 8.051330350115955270e-02
4.700288416900019750e-02 5.243040430608270075e-02 5.243040430608270075e-02 5.293098871524298810e-02 5.293098871524298810e-02
7.565624218745919949e-02 7.565624218745919949e-02 6.941919394840261048e-02 7.565624218745919949e-02 7.565624218745919949e-02
6.320026769555960044e-02 7.168680706069902042e-02 7.168680706069902042e-02 6.320026769555960044e-02 6.320026769555960044e-02
1.530186051745274500e-01 1.473496913407605913e-01 1.473496913407605913e-01 1.440548955962157873e-01 1.440548955962157873e-01
1.267008864958402703e-01 1.201142599782238085e-01 9.004357951803765303e-02 1.201142599782238085e-01 1.201142599782238085e-01
6.405390445091917184e-02 7.813511278814970484e-02 7.813511278814970484e-02 7.813511278814970484e-02 7.813511278814970484e-02
6.660006136787603725e-02 7.865967019226409451e-02 7.407796404769988186e-02 8.547492814605160694e-02 8.547492814605160694e-02
9.245371858535555987e-02 9.245371858535555987e-02 1.241616433616954118e-01 1.241616433616954118e-01 1.241616433616954118e-01
8.100346198970292955e-02 8.667137738514059386e-02 9.833078554964164164e-02 9.833078554964164164e-02 9.833078554964164164e-02
8.206413678483083507e-02 8.206413678483083507e-02 1.013951633082448567e-01 1.013951633082448567e-01 1.013951633082448567e-01
7.113955473160797627e-02 7.212635629382588287e-02 7.254598418142552130e-02 7.254598418142552130e-02 7.254598418142552130e-02
9.440797513278331721e-02 9.440797513278331721e-02 9.282152594263196055e-02 1.068736243773616978e-01 1.068736243773616978e-01
8.667322961159174000e-02 8.412284529835763192e-02 7.314001332111999543e-02 9.278060367428138389e-02 9.278060367428138389e-02
9.271023033474487529e-02 9.240129211171189960e-02 1.008625569096257835e-01 9.329740433139963041e-02 9.329740433139963041e-02
7.092665260064258403e-02 7.092665260064258403e-02 6.869767609073518244e-02 7.059289449559155716e-02 7.059289449559155716e-02
6.406418622539884755e-02 6.406418622539884755e-02 6.782432005194564961e-02 7.095612794793272615e-02 7.095612794793272615e-02
8.192078090357333975e-02 8.192078090357333975e-02 8.628420252791861589e-02 8.610151642205257638e-02 8.610151642205257638e-02
8.534239407004863553e-02 8.534239407004863553e-02 8.736688454930099934e-02 9.870779373362206788e-02 9.870779373362206788e-02
9.215207319656401608e-02 9.215207319656401608e-02 9.215207319656401608e-02 8.122177375829299495e-02 8.122177375829299495e-02
7.634438668802939754e-02 7.634438668802939754e-02 7.634438668802939754e-02 8.629136169964014835e-02 8.629136169964014835e-02
8.000015766338876289e-02 7.024194061379819554e-02 7.024194061379819554e-02 6.899183264313857311e-02 6.899183264313857311e-02
5.893827887076107802e-02 6.074524704326573349e-02 6.074524704326573349e-02 7.517918958090887005e-02 7.517918958090887005e-02
1.030716814510031637e-01 9.446094412281851038e-02 9.084037125713156913e-02 9.693669715441305401e-02 9.693669715441305401e-02
6.689088563853977376e-02 6.689088563853977376e-02 6.689088563853977376e-02 8.043084960098795255e-02 8.043084960098795255e-02
8.243563071328045833e-02 8.238935395593213751e-02 8.238935395593213751e-02 8.243563071328045833e-02 8.243563071328045833e-02
6.414712438113560899e-02 6.414712438113560899e-02 6.414712438113560899e-02 6.437265687834839434e-02 6.437265687834839434e-02
7.172245306827799982e-02 7.283928526724835206e-02 7.807259076309687462e-02 7.172245306827799982e-02 7.172245306827799982e-02
9.264956205284308188e-02 9.264956205284308188e-02 9.170974417180531579e-02 1.016912363555666499e-01 1.016912363555666499e-01
5.441404015852100567e-02 5.441404015852100567e-02 6.552740530905930283e-02 7.183487401230709279e-02 7.183487401230709279e-02
5.724949186041378840e-02 5.724949186041378840e-02 5.686618134238814043e-02 6.156869436564922637e-02 6.156869436564922637e-02
6.570269047037448351e-02 6.570269047037448351e-02 7.478638303207862936e-02 8.153924808456651518e-02 8.153924808456651518e-02
7.796606998287650137e-02 7.796606998287650137e-02 7.796606998287650137e-02 7.961101523090781396e-02 7.961101523090781396e-02
7.923472606596293488e-02 7.923472606596293488e-02 7.923472606596293488e-02 8.173188879815616870e-02 8.173188879815616870e-02
7.338701879277007012e-02 7.640370375000553327e-02 7.640370375000553327e-02 8.396123909440633692e-02 8.349817984445560837e-02
6.731255498501174939e-02 7.060110109952909274e-02 7.060110109952909274e-02 8.384251549343670062e-02 8.384251549343670062e-02
7.534149504417589349e-02 7.534149504417589349e-02 8.442829522821621024e-02 8.818403685153738958e-02 8.818403685153738958e-02
7.021345190617711562e-02 7.406207920349144880e-02 9.456187933012299984e-02 9.853776136865108337e-02 9.853776136865108337e-02
5.579506445046691909e-02 5.579506445046691909e-02 6.256377589216907675e-02 7.730592710145117730e-02 7.730592710145117730e-02
6.480596625836103353e-02 6.480596625836103353e-02 7.884935269556604676e-02 8.919621866619172057e-02 8.919621866619172057e-02
5.456910228144697811e-02 8.663712111334408161e-02 8.663712111334408161e-02 1.100199695406647027e-01 1.100199695406647027e-01
5.498706630015596369e-02 5.762209842075287358e-02 6.057384356172870049e-02 8.093472963321543534e-02 8.093472963321543534e-02
7.228293107179971366e-02 7.228293107179971366e-02 7.537921984311479751e-02 9.060619335449281164e-02 9.060619335449281164e-02
6.922729549207898292e-02 6.922729549207898292e-02 9.219416489955901961e-02 1.243098507507513356e-01 1.243098507507513356e-01
6.288445830652199253e-02 6.288445830652199253e-02 8.145572035121510790e-02 1.194461030550036107e-01 1.194461030550036107e-01
6.120134563283514267e-02 6.120134563283514267e-02 8.352344018708990347e-02 1.283801627483367458e-01 1.283801627483367458e-01
6.009728735506239539e-02 6.009728735506239539e-02 1.028385298243440354e-01 1.358911497816830127e-01 1.358911497816830127e-01
6.740631194984891827e-02 6.740631194984891827e-02 8.507173168632432836e-02 1.208848090480280357e-01 1.208848090480280357e-01
6.535801138573117675e-02 6.535801138573117675e-02 8.134877017836275592e-02 1.439318521064148759e-01 1.439318521064148759e-01
5.704173452998154842e-02 5.704173452998154842e-02 8.713540335621780542e-02 9.915806557333342597e-02 1.030260947483538636e-01
5.679633191824595695e-02 5.679633191824595695e-02 8.132028196234614148e-02 1.277285527135305077e-01 1.338134564854420172e-01
7.233566280527531367e-02 7.233566280527531367e-02 6.872780612050366500e-02 1.063272543750367199e-01 1.104519070096683236e-01
6.455928040449286642e-02 6.455928040449286642e-02 6.455928040449286642e-02 9.633253349119351439e-02 1.002176608471849473e-01
4.905941277150438484e-02 4.969179160976252424e-02 4.264906673751323041e-02 9.109012935982781223e-02 9.461118697936743427e-02
4.546301880737751294e-02 3.919422823150892077e-02 4.334249906387992873e-02 6.596306810252307307e-02 6.955939054671278488e-02
5.967661345630224934e-02 5.967661345630224934e-02 5.967661345630224934e-02 8.223719537169449367e-02 9.148804686740442949e-02
5.887858014646022570e-02 5.887858014646022570e-02 5.887858014646022570e-02 9.977603770490270363e-02 1.023242043501968179e-01
5.694606889099647351e-02 5.694606889099647351e-02 5.694606889099647351e-02 1.045149676796394700e-01 1.146083260750617033e-01
5.722030338298568497e-02 5.437202639989326819e-02 5.437202639989326819e-02 8.602121720967788321e-02 8.897825198751672937e-02
5.168610700422137522e-02 5.168610700422137522e-02 5.168610700422137522e-02 8.260445577090379243e-02 9.211643077889376807e-02
7.327988108551751478e-02 8.614230147454995934e-02 8.614230147454995934e-02 1.349101692760080184e-01 1.618120752074146129e-01
6.395153218022614494e-02 5.213232428294906767e-02 5.213232428294906767e-02 7.583607299144613789e-02 9.180217832290496482e-02
5.508585875246169161e-02 4.810456527088833451e-02 4.810456527088833451e-02 5.517933932238320432e-02 5.939072308871976014e-02
4.686226948170525708e-02 4.827924083625692586e-02 4.827924083625692586e-02 7.306278293138612767e-02 9.096964186522295270e-02
6.234801702207552754e-02 6.234801702207552754e-02 6.234801702207552754e-02 7.638018444423036457e-02 1.025988597189677332e-01
9.283028650581018337e-02 9.289289821461713115e-02 9.289289821461713115e-02 1.101180810371826940e-01 1.144796599089392686e-01
6.252177836387082244e-02 5.969760164644704464e-02 5.969760164644704464e-02 7.473779240383171540e-02 9.221145018935691939e-02
8.396077433857432326e-02 6.073523627466827224e-02 6.073523627466827224e-02 8.396077433857432326e-02 9.726771465690345342e-02
3.772673668953414883e-02 3.772673668953414883e-02 3.772673668953414883e-02 6.522860039603863014e-02 8.462685003551055629e-02
3.025839521822653796e-02 3.025839521822653796e-02 3.025839521822653796e-02 5.252776938224110875e-02 6.720212495203159442e-02
3.603872733533824979e-02 3.603872733533824979e-02 3.603872733533824979e-02 4.881415125773071878e-02 7.317917442242229120e-02
6.839383516741794067e-02 3.583374703597339006e-02 3.583374703597339006e-02 6.839383516741794067e-02 9.238658917771369605e-02
4.266406757612806883e-02 4.586544358553812373e-02 4.266406757612806883e-02 4.062404449468173112e-02 6.854929551836108637e-02
4.051652992037948348e-02 2.796102848685516964e-02 2.796102848685516964e-02 6.749994687904278812e-02 8.648697727615950459e-02
3.348922477351307797e-02 3.348922477351307797e-02 3.348922477351307797e-02 5.991210479846286602e-02 9.326335327555518306e-02
2.750832348828389368e-02 2.750832348828389368e-02 2.750832348828389368e-02 3.854907038485976684e-02 5.278032515965495192e-02
4.705044819457347011e-02 3.780322521719608336e-02 4.701303991846927932e-02 4.705044819457347011e-02 7.499152352019965162e-02
3.824776942749875258e-02 3.824776942749875258e-02 3.755631566249881259e-02 8.428427916327392577e-02 9.890247938875615374e-02
3.129193261615223487e-02 3.039592904312015884e-02 3.129193261615223487e-02 4.397143679056057103e-02 5.746820421787509486e-02
4.619680397802989474e-02 4.619680397802989474e-02 4.262353306850704543e-02 5.630771645642229650e-02 8.301918401099477041e-02
4.277318049308707903e-02 5.391139431178484237e-02 4.277318049308707903e-02 5.534386223098342050e-02 6.793268734879595594e-02
3.472119033529350030e-02 3.261760387714009168e-02 3.472119033529350030e-02 5.958095855286665854e-02 7.391559146204516872e-02
3.965978249978851372e-02 3.965978249978851372e-02 3.808319425452727502e-02 4.754512740093304324e-02 7.925603958637499058e-02
3.614165580417424278e-02 2.818010483785772860e-02 2.818010483785772860e-02 5.171589140020451530e-02 9.066396851617716801e-02
3.319501765516912062e-02 3.319501765516912062e-02 3.319501765516912062e-02 3.954339718173814633e-02 6.428867274525283670e-02
2.892560097286205056e-02 2.892560097286205056e-02 2.892560097286205056e-02 4.612717747863775281e-02 5.846829983128731811e-02
3.250078834721466942e-02 3.250078834721466942e-02 3.250078834721466942e-02 4.154934309141849330e-02 5.987138796563661047e-02
4.104552211651751881e-02 4.057610321432576078e-02 4.057610321432576078e-02 4.780949547620749751e-02 7.678683453309695373e-02
4.357100373343678057e-02 5.451482747880650320e-02 5.016181244837147196e-02 5.451482747880650320e-02 6.337076203526320617e-02
2.694721134790393005e-02 3.545988137138415125e-02 2.694721134790393005e-02 3.545988137138415125e-02 5.260479555368096499e-02
5.570744974993063758e-02 5.570744974993063758e-02 4.957032486934027232e-02 5.570744974993063758e-02 7.684996487777259744e-02
5.041926993745600438e-02 4.632283265450375803e-02 5.041926993745600438e-02 4.436184950646273467e-02 5.420551903393064364e-02
2.992998131183501748e-02 3.138115313855455168e-02 3.138115313855455168e-02 3.687565013909397532e-02 4.929497745492994465e-02
3.204698540949360575e-02 3.025899712787463378e-02 3.025899712787463378e-02 2.856948719626259403e-02 3.972015428627329037e-02
4.901806322818751116e-02 4.901806322818751116e-02 4.901806322818751116e-02 3.613995038281794109e-02 3.829528306252304864e-02
4.557013511073125522e-02 4.557013511073125522e-02 4.557013511073125522e-02 5.595190605280957880e-02 4.890533748527105262e-02
5.212633822106838705e-02 6.354487741709094473e-02 6.354487741709094473e-02 7.073647769604983482e-02 7.798959538487970633e-02
4.110542643054265755e-02 4.110542643054265755e-02 3.922878254961197075e-02 5.156691553102889930e-02 5.287291785146877587e-02
8.458223393044622673e-02 6.967436350378897192e-02 6.967436350378897192e-02 9.936071699342387264e-02 8.455454896308177426e-02
4.950955482908923899e-02 5.108023515580464857e-02 4.950955482908923899e-02 8.025441196139228295e-02 6.146982958100012662e-02
6.671477199384515111e-02 4.992669594347143996e-02 4.992669594347143996e-02 8.356596469831253926e-02 6.856554982735571513e-02
7.549506156336122098e-02 7.549506156336122098e-02 7.197665267005937118e-02 1.194741503300445762e-01 9.418426028678945905e-02
6.003729926621511476e-02 6.425355441528350642e-02 6.030781647439206056e-02 9.357540213213473568e-02 6.680886320806400658e-02
4.105162396106533385e-02 4.105162396106533385e-02 5.750608799283547096e-02 1.145604733906228773e-01 1.045482850290828797e-01
4.066755666194502711e-02 4.066755666194502711e-02 4.225407644002505958e-02 9.623236337759780157e-02 8.736183760348470440e-02
1.074739440817350927e-01 1.149920709034786964e-01 1.074739440817350927e-01 1.538789557488486892e-01 1.110818880632196970e-01
7.547044798972873947e-02 7.547044798972873947e-02 7.547044798972873947e-02 1.388546915517116231e-01 9.898540221193993793e-02
9.068591847028954767e-02 6.602770807483154814e-02 6.602770807483154814e-02 1.315147796791810153e-01 1.107352901436266107e-01
5.661927470315436528e-02 5.661927470315436528e-02 6.548675124666732128e-02 1.318727795816267145e-01 1.003227557401624032e-01
9.655815478067375501e-02 7.508271203441899133e-02 7.508271203441899133e-02 1.446375448989964674e-01 1.346980233960851370e-01
5.055763152871657617e-02 5.055763152871657617e-02 5.055763152871657617e-02 1.140151016672340950e-01 7.665435804853296120e-02
6.902957979870048832e-02 6.902957979870048832e-02 6.902957979870048832e-02 1.177437745332923502e-01 8.684282091600450948e-02
6.421785451817173251e-02 6.421785451817173251e-02 6.421785451817173251e-02 1.222870624872820500e-01 1.119685822795287999e-01
6.139252115430425538e-02 6.139252115430425538e-02 6.139252115430425538e-02 1.102066466664462230e-01 1.038684291783006641e-01
6.018253289061049893e-02 6.018253289061049893e-02 6.018253289061049893e-02 1.166889478263329338e-01 1.031997783612519926e-01
6.527471432316679645e-02 6.527471432316679645e-02 6.527471432316679645e-02 1.645717191581377858e-01 1.536317940887606537e-01
3.088430147315309598e-02 3.938016169773615044e-02 3.938016169773615044e-02 9.910314017625286576e-02 9.432584746975372636e-02
1.028111325954778055e-01 8.255662893105447653e-02 8.255662893105447653e-02 2.062637895689067580e-01 2.115736298422845607e-01
5.338667371747360391e-02 5.338667371747360391e-02 5.338667371747360391e-02 1.334844094964705852e-01 8.987676240646529091e-02
8.827387292222231563e-02 8.827387292222231563e-02 7.835110990534510655e-02 1.359290505128365467e-01 1.362941865120403384e-01
8.797905040585878023e-02 8.797905040585878023e-02 8.797905040585878023e-02 1.950688973647478897e-01 1.579984655519325043e-01
9.504126887604112672e-02 9.504126887604112672e-02 9.504126887604112672e-02 1.947166431522305841e-01 1.904371342245227416e-01
7.244712291407348626e-02 7.244712291407348626e-02 7.244712291407348626e-02 1.794362517146859959e-01 1.955522212210020205e-01
6.904629025470163106e-02 6.904629025470163106e-02 6.904629025470163106e-02 1.707902320154461862e-01 1.381649332951922771e-01
6.343945412558979480e-02 6.343945412558979480e-02 6.395646772233624933e-02 1.222457187911447085e-01 1.276707757458414583e-01
5.444830074395123898e-02 6.544110125594369831e-02 6.544110125594369831e-02 1.113906989554737936e-01 1.109529441403463018e-01
4.689601968371842622e-02 4.932968623502201333e-02 4.932968623502201333e-02 1.066350585619042363e-01 1.083691360336699328e-01
3.821749256250808746e-02 3.821749256250808746e-02 4.285301534275106489e-02 9.904733610289397083e-02 1.304451330459257541e-01
7.578363936217547003e-02 7.578363936217547003e-02 7.578363936217547003e-02 1.112558243295835025e-01 1.167545029590154604e-01
7.292966865573320689e-02 7.292966865573320689e-02 7.023614940451197719e-02 1.206047297750716396e-01 1.373119624210864809e-01
6.300754633522706594e-02 7.185722333036623222e-02 7.185722333036623222e-02 9.064697784371898714e-02 1.164181846435707879e-01
6.918657866374551546e-02 6.573129777168831844e-02 6.573129777168831844e-02 9.726561451627983856e-02 1.033945708409268055e-01
5.126395341852793552e-02 5.467035629749265879e-02 4.850491181758031373e-02 7.304500202464261904e-02 8.474404932968723769e-02
6.090456215785959582e-02 5.758819829260310164e-02 6.454240126178911741e-02 7.012669556645098612e-02 9.435250483917080599e-02
6.011190645982281838e-02 5.300456098649187348e-02 5.300456098649187348e-02 8.635312357030242025e-02 1.149392855802131852e-01
8.249249180208154120e-02 8.249249180208154120e-02 8.249249180208154120e-02 8.984272397866192861e-02 1.311599699755720549e-01
6.193621955976448545e-02 6.193621955976448545e-02 6.193621955976448545e-02 5.852986502195083734e-02 8.110037197346825488e-02
5.088324746581095875e-02 4.370208843416448219e-02 4.370208843416448219e-02 5.982679078333322936e-02 7.933405730246770315e-02
8.172560583630666953e-02 8.172560583630666953e-02 7.738377099859201913e-02 7.969076480154024811e-02 9.282062901402451938e-02
5.388732834433048596e-02 5.131164101576977249e-02 5.131164101576977249e-02 5.611697762715067705e-02 8.998800502846665550e-02
7.919036542952927193e-02 6.631178648657126695e-02 7.919036542952927193e-02 8.695227995173808455e-02 1.216612349172865454e-01
7.659908246397348353e-02 6.337362873532638441e-02 5.719275490623854791e-02 7.057543631995252809e-02 9.448739158948478434e-02
3.632370792489063305e-02 3.632370792489063305e-02 3.632370792489063305e-02 5.077714729323148934e-02 8.193899026944377606e-02
5.565510418957602540e-02 5.565510418957602540e-02 5.834022455602425050e-02 6.204938248668475514e-02 9.667306318808090160e-02
6.375946942303721554e-02 5.709219184589869184e-02 5.709219184589869184e-02 5.746397220117451660e-02 7.853782371505563242e-02
5.093019762427455216e-02 5.093019762427455216e-02 5.093019762427455216e-02 6.692708723248505520e-02 8.213311067927595022e-02
6.195915633864030464e-02 6.195915633864030464e-02 6.195915633864030464e-02 6.523361449087917985e-02 9.371241790514595049e-02
5.407524540971642146e-02 5.407524540971642146e-02 5.407524540971642146e-02 6.090924047824892301e-02 8.451336295275584110e-02
5.431521362803505559e-02 5.431521362803505559e-02 5.431521362803505559e-02 6.700585734974695562e-02 9.356476624284291999e-02
6.195606199943099607e-02 6.195606199943099607e-02 6.195606199943099607e-02 7.755036849849408775e-02 8.654190295710154079e-02
6.241755808985691850e-02 6.241755808985691850e-02 6.241755808985691850e-02 6.763049511594448893e-02 8.758027648699855117e-02
6.486365710593562650e-02 6.486365710593562650e-02 6.486365710593562650e-02 9.887486581716817269e-02 1.122211197068915950e-01
4.909020248614551218e-02 4.859124266155026572e-02 4.859124266155026572e-02 5.735681617244318270e-02 7.753790457266093727e-02
4.183886939236576563e-02 4.183886939236576563e-02 4.183886939236576563e-02 5.874089886115822778e-02 6.300843407411264863e-02
4.756101804461489169e-02 4.896018042235238815e-02 4.896018042235238815e-02 5.859127631220043680e-02 6.765728265949047526e-02
4.358707922777692312e-02 4.421985240710946119e-02 4.421985240710946119e-02 6.009299459546048328e-02 7.356020111662181504e-02
5.728146168789170767e-02 5.728146168789170767e-02 5.065889265431957472e-02 6.772650932841156601e-02 7.473462493264781958e-02
5.508974662250633314e-02 5.516118393809352899e-02 5.516118393809352899e-02 6.784243445855905885e-02 7.400608935850847003e-02
4.585910860442149461e-02 4.991930966443616779e-02 5.419263771937378460e-02 7.076932043803123296e-02 6.771814345140458880e-02
5.159870076114737858e-02 5.159870076114737858e-02 5.159870076114737858e-02 7.098129509600480114e-02 7.457604159069849969e-02
4.845618437690872582e-02 5.381100106069960226e-02 5.089241849758456560e-02 7.661789756236066229e-02 7.261897846957153513e-02
5.055146849512525548e-02 5.745439983805212397e-02 5.428037827253631709e-02 7.791713695908053516e-02 7.995608046181859607e-02
