3.687464420256604258e-01
2.413108518051245155e-01
1.850199073782076431e-01
2.801482346189016481e-01
2.862501101069325760e-01
1.766149961865181306e-01
1.034685505364741492e-01
8.848690858501780110e-02
1.128256853813728172e-01
7.603697522443383927e-02
1.060170897071432139e-01
4.347431857965900620e-02
5.373470606187535220e-02
8.523557269526181590e-02
1.108098339852221920e-01
9.092494189301071617e-02
6.277759782028131952e-02
9.250878373815331346e-02
8.096700246201399276e-02
9.366075711724029806e-02
7.743843295793895187e-02
7.512439574530167807e-02
9.095996735585541726e-02
9.618607121846307895e-02
8.823772209061070404e-02
6.192597235658448690e-02
6.078292983029828789e-02
7.419092287292768095e-02
9.076571242261162464e-02
7.645197384548411967e-02
6.218520806744638058e-02
6.734752609018190839e-02
6.197483363666829448e-02
1.119539199091147685e-01
8.897358503725559531e-02
7.697765401592730761e-02
6.001837699271758697e-02
1.077058380371648943e-01
9.050706892342269549e-02
9.790173869729687506e-02
7.316226575173546964e-02
8.312237547688375305e-02
7.852091506204682270e-02
9.339303798018490366e-02
9.297898317494415754e-02
8.634217040285926958e-02
7.134753282653391593e-02
1.432386127621013139e-01
1.040970259741281906e-01
7.758804513578261564e-02
7.438325497020055466e-02
6.582994110539597266e-02
8.700479643119861384e-02
6.957868546190069947e-02
6.621096886946480076e-02
7.894858832776900648e-02
6.798936000997846119e-02
1.049346411712963750e-01
7.375913806643187576e-02
6.624325262063059105e-02
6.179263361783638581e-02
8.826990107509155581e-02
7.506112870965667150e-02
7.344989398660642377e-02
7.462756940035669695e-02
7.181139943653537527e-02
6.863667506069770496e-02
5.637000926138183848e-02
8.073816682074684559e-02
5.884196716947771161e-02
4.853459461359326682e-02
7.460238157553926441e-02
6.973637403318165562e-02
7.253104072396679425e-02
6.278908401166802267e-02
6.334927269687859464e-02
5.353106833115637425e-02
5.530464043039179378e-02
6.460017420285986411e-02
6.155988025403247993e-02
7.716916636506941651e-02
5.413021277603847353e-02
5.882438245107910607e-02
5.364260399016348296e-02
6.250214276625129517e-02
5.071129356650790065e-02
5.894738866337208977e-02
6.685355175841690978e-02
6.377692461300260574e-02
8.102291194467398094e-02
7.679033741827701043e-02
7.312999439074976959e-02
5.199361375324524498e-02
4.762470829079420293e-02
9.534989037089695862e-02
5.629462124167166487e-02
5.968391993661566891e-02
5.569957610215939964e-02
4.578765663987105494e-02
3.119304866565811990e-02
4.172366769238764622e-02
4.110054845949401986e-02
4.816891266160047702e-02
2.804334928130991847e-02
4.230628932620648236e-02
4.498206801273592348e-02
3.510206400916635744e-02
3.865690097784567347e-02
3.983965877126495470e-02
3.680113243907855158e-02
2.367012247826060997e-02
3.714217197618967931e-02
4.447626526812597375e-02
3.260026354608876187e-02
2.784106734764094787e-02
3.617937268625735781e-02
4.582845835418770247e-02
4.488167803284095342e-02
4.241350398512347408e-02
5.697111036873787199e-02
4.130947621695258559e-02
3.935880566268629144e-02
3.041918148284166595e-02
4.367414903944008553e-02
4.477609105994478922e-02
8.377893451485286802e-02
5.738291865588952823e-02
4.633659605163989448e-02
5.689951363710589460e-02
4.858083444204699952e-02
5.377415108315816011e-02
5.896791989838956471e-02
7.374682684132047306e-02
6.307531688919586210e-02
6.130001911913916107e-02
5.181122942322747421e-02
7.603906674695844192e-02
6.420000779944773361e-02
5.612177651559342728e-02
4.896584263919417229e-02
7.977775751868673715e-02
7.310589729133618042e-02
5.643641991706061650e-02
5.130277319810730430e-02
6.487713264986093298e-02
4.720023449295511486e-02
1.015524126383080955e-01
5.130672822364908126e-02
6.789271471746163855e-02
9.534425595285771216e-02
6.305847922532703542e-02
7.227417772788832795e-02
7.468777381029978457e-02
6.386900660553417042e-02
5.022142135115763295e-02
6.063550033855009264e-02
4.050436591196181907e-02
6.879112595857012069e-02
7.657309161716346901e-02
7.338150299584567104e-02
7.962290678299091540e-02
8.134363923629138460e-02
7.516470731183823306e-02
7.830290512289014848e-02
9.529653135997316615e-02
7.182914746818687413e-02
6.697666567684770755e-02
5.473526131640493730e-02
6.522489704918740805e-02
6.761553574528623989e-02
6.170343281005772479e-02
6.129045093106223752e-02
6.545530520935551044e-02
5.371773287308117401e-02
6.746735330082240245e-02
6.832572322829638667e-02
7.935134740055167779e-02
6.300366127698535379e-02
7.256762500690711049e-02
5.945962474065821096e-02
7.760708406112258595e-02
5.456481598626609225e-02
6.395003898397805253e-02
4.878123531027282744e-02
7.353675395703547502e-02
7.333198814513856856e-02
6.218544345869022466e-02
4.306480767058545184e-02
4.832035871078192019e-02
4.912095773280220068e-02
4.307096930605186502e-02
