3.758143080412518766e-01 3.444103967786846243e-01 3.444103967786846243e-01 3.444103967786846243e-01 3.444103967786846243e-01
2.396982729286890601e-01 2.396982729286890601e-01 2.396982729286890601e-01 2.396982729286890601e-01 2.396982729286890601e-01
1.951560966923982510e-01 1.951560966923982510e-01 1.951560966923982510e-01 1.951560966923982510e-01 1.951560966923982510e-01
2.273399843858046054e-01 2.273399843858046054e-01 2.631563997309881997e-01 2.631563997309881997e-01 2.631563997309881997e-01
2.250412572999578587e-01 2.223594117783723456e-01 2.223594117783723456e-01 2.223594117783723456e-01 2.223594117783723456e-01
1.676112622955431009e-01 1.737755924037730770e-01 1.737755924037730770e-01 1.737755924037730770e-01 1.737755924037730770e-01
1.126766470080722143e-01 1.261553164211892120e-01 1.919509577550362611e-01 1.919509577550362611e-01 1.919509577550362611e-01
1.101301032953411474e-01 1.101301032953411474e-01 1.092683494081545248e-01 1.092683494081545248e-01 1.092683494081545248e-01
1.316243645867287149e-01 1.499174746700641658e-01 1.316243645867287149e-01 1.316243645867287149e-01 1.316243645867287149e-01
7.130126876932692259e-02 8.113761660153705202e-02 7.130126876932692259e-02 7.130126876932692259e-02 7.130126876932692259e-02
8.296616171667553497e-02 8.296616171667553497e-02 8.296616171667553497e-02 8.296616171667553497e-02 8.296616171667553497e-02
5.070069776337494255e-02 5.208313537366429657e-02 5.208313537366429657e-02 5.208313537366429657e-02 5.208313537366429657e-02
5.831404228390332789e-02 5.928489802150515436e-02 5.831404228390332789e-02 5.831404228390332789e-02 5.831404228390332789e-02
8.887348286998833502e-02 8.535130886361365354e-02 8.535130886361365354e-02 8.535130886361365354e-02 8.535130886361365354e-02
1.025788545929612744e-01 9.729337482559026473e-02 9.729337482559026473e-02 9.729337482559026473e-02 9.729337482559026473e-02
8.274091000632999293e-02 7.981619654451360679e-02 7.144395375480290522e-02 7.144395375480290522e-02 7.144395375480290522e-02
6.573759531745730633e-02 6.360911335552035806e-02 6.628534645893377486e-02 6.628534645893377486e-02 6.628534645893377486e-02
9.001652106068504244e-02 9.256465239309327742e-02 9.256465239309327742e-02 9.256465239309327742e-02 9.256465239309327742e-02
7.447136539879209427e-02 7.447136539879209427e-02 7.447136539879209427e-02 8.391449541210121987e-02 8.391449541210121987e-02
7.142722391281319805e-02 7.159312290742785023e-02 7.287048339664981000e-02 7.159312290742785023e-02 7.159312290742785023e-02
8.896653897377965192e-02 7.701014619579749088e-02 7.943932018455288069e-02 7.444056470148020799e-02 7.444056470148020799e-02
7.797180239766625387e-02 7.797180239766625387e-02 6.693120606804804640e-02 6.799969054830429238e-02 6.799969054830429238e-02
8.839113317994651275e-02 8.633710624720798699e-02 9.654291066217104977e-02 9.776076698169823553e-02 9.776076698169823553e-02
8.310388079137739914e-02 9.930344326448418968e-02 8.310388079137739914e-02 8.978949162202472245e-02 8.978949162202472245e-02
6.361349868814859809e-02 5.883029329835186977e-02 6.361349868814859809e-02 6.641463925413709779e-02 6.641463925413709779e-02
8.267994296262766440e-02 7.160849324022983131e-02 7.160849324022983131e-02 7.165083943964127566e-02 7.165083943964127566e-02
7.187339943211766558e-02 4.730649707802305620e-02 4.499138836258504554e-02 4.995034694480550430e-02 4.995034694480550430e-02
8.346647284594611860e-02 6.636825059276810213e-02 7.003376560871643619e-02 7.263306577086529880e-02 7.263306577086529880e-02
6.111008194117292097e-02 6.111008194117292097e-02 7.406117805994273662e-02 6.741795340698954198e-02 6.741795340698954198e-02
9.306826014920874246e-02 9.306826014920874246e-02 9.010564789229207061e-02 9.010564789229207061e-02 9.010564789229207061e-02
6.141513968960016223e-02 6.141513968960016223e-02 7.241745376765407194e-02 7.241745376765407194e-02 7.241745376765407194e-02
9.579965064699154376e-02 7.417964994258512135e-02 9.579965064699154376e-02 9.579965064699154376e-02 9.579965064699154376e-02
7.216710784465227291e-02 7.003281480821064997e-02 7.216710784465227291e-02 7.216710784465227291e-02 7.216710784465227291e-02
1.170547080459948402e-01 1.009107996863650436e-01 1.009107996863650436e-01 1.005882067806566221e-01 1.005882067806566221e-01
1.095514464242049457e-01 1.123958571679525148e-01 1.123958571679525148e-01 1.254644651006990019e-01 1.254644651006990019e-01
6.629719974591563592e-02 6.629719974591563592e-02 5.815249105290216936e-02 6.019535213383438860e-02 6.019535213383438860e-02
7.784507564450565686e-02 7.784507564450565686e-02 7.790725963107021645e-02 8.045719906741231886e-02 8.045719906741231886e-02
9.623106502244238580e-02 9.267689297937467541e-02 8.867635340992414961e-02 1.108176973243927832e-01 1.108176973243927832e-01
6.910191473501231529e-02 6.910191473501231529e-02 7.946789579030640038e-02 7.923795085762477819e-02 7.923795085762477819e-02
1.362852105051544083e-01 1.143208545832400114e-01 1.206485951087442471e-01 1.202276308987448167e-01 1.202276308987448167e-01
5.500663051888340233e-02 5.500663051888340233e-02 5.184977506278269643e-02 6.244050150931301779e-02 6.244050150931301779e-02
9.114646633245405971e-02 1.055245847281823940e-01 1.055245847281823940e-01 1.064334156956190103e-01 1.064334156956190103e-01
9.303171540228882819e-02 8.354431789037117251e-02 8.354431789037117251e-02 1.111613729951333590e-01 1.111613729951333590e-01
1.074701401794490724e-01 1.107521291224268650e-01 1.042080894661171070e-01 1.035307177646300203e-01 1.035307177646300203e-01
7.492593621195860198e-02 7.521260162117458792e-02 7.492593621195860198e-02 7.204517624199646697e-02 7.204517624199646697e-02
7.652649251660847973e-02 6.658873039313938091e-02 6.658873039313938091e-02 8.035467604927717944e-02 8.035467604927717944e-02
6.755142909972450260e-02 7.644941730628342091e-02 7.644941730628342091e-02 6.893272823942046823e-02 6.893272823942046823e-02
7.635644028789476123e-02 7.635644028789476123e-02 7.635644028789476123e-02 9.221223938547101762e-02 9.221223938547101762e-02
8.522617106238761231e-02 7.388409588107223980e-02 7.764187991983920178e-02 7.390138171865383299e-02 7.390138171865383299e-02
9.234007562674245717e-02 8.417579805774093316e-02 8.634137290953461386e-02 1.035972016971972026e-01 1.035972016971972026e-01
7.243173513068738856e-02 7.243173513068738856e-02 7.243173513068738856e-02 7.419629968439463152e-02 7.419629968439463152e-02
6.474288046174445088e-02 6.474288046174445088e-02 5.119217187520013618e-02 6.247457472960706026e-02 6.247457472960706026e-02
6.990714067565112488e-02 6.303647292788619461e-02 7.306552390714619871e-02 7.292300773047055706e-02 7.292300773047055706e-02
8.036746391157392755e-02 8.036746391157392755e-02 8.569735731341684981e-02 1.104728822376368491e-01 1.104728822376368491e-01
8.755741484866183533e-02 8.755741484866183533e-02 8.755741484866183533e-02 9.167953353568349117e-02 9.167953353568349117e-02
5.322786534098107591e-02 5.881485899752015439e-02 6.670618280956681911e-02 6.005079680132426045e-02 6.005079680132426045e-02
7.708549321167262880e-02 7.708549321167262880e-02 7.481823816395068161e-02 8.823660274687235294e-02 8.823660274687235294e-02
7.517294030358223633e-02 7.109123781216027116e-02 7.517294030358223633e-02 7.731363650974172608e-02 7.731363650974172608e-02
6.351294489486089545e-02 6.351294489486089545e-02 7.259049517799065487e-02 6.351294489486089545e-02 6.351294489486089545e-02
7.071098362857221320e-02 7.071098362857221320e-02 7.254892648159541602e-02 7.501495871605762256e-02 7.501495871605762256e-02
6.213152205221867536e-02 6.674825343483171969e-02 6.674825343483171969e-02 6.847278984275154134e-02 6.847278984275154134e-02
7.219657713817802247e-02 7.353790466716871033e-02 8.436071665408348408e-02 8.028163607065652574e-02 8.028163607065652574e-02
7.615148127777082721e-02 7.601709612145041151e-02 7.601709612145041151e-02 7.618212977542253295e-02 7.618212977542253295e-02
7.042222701418177078e-02 6.825998143182104849e-02 7.042222701418177078e-02 7.645164337888514516e-02 7.645164337888514516e-02
7.581444481853297224e-02 7.581444481853297224e-02 7.540175968146910213e-02 8.829651228299262300e-02 8.829651228299262300e-02
7.289435620038711705e-02 7.516280711686589011e-02 7.516280711686589011e-02 9.532398008155738844e-02 9.532398008155738844e-02
7.297397245582187830e-02 7.297397245582187830e-02 7.182694082517696033e-02 8.409099469394232251e-02 8.459169420137208073e-02
5.420563349288867738e-02 6.325804030444803772e-02 6.436528923186446427e-02 7.802358051526878113e-02 7.802358051526878113e-02
5.226451376274925120e-02 6.645447753837106786e-02 6.645447753837106786e-02 7.875568060417609262e-02 7.812680929574439270e-02
6.189791578347313833e-02 6.189791578347313833e-02 6.742286095218992525e-02 9.115216445252295741e-02 1.002283675265580876e-01
4.869625909129034896e-02 4.869625909129034896e-02 5.755770521272286083e-02 9.088774916330295828e-02 9.088774916330295828e-02
6.320157206613494227e-02 6.612530123305683516e-02 8.077930469760485899e-02 7.754124641683311780e-02 7.754124641683311780e-02
8.290441117698085782e-02 7.700651907811287278e-02 9.895286020688817685e-02 1.387163352031567098e-01 1.387163352031567098e-01
6.470012907812758285e-02 6.470012907812758285e-02 7.738570630670883743e-02 1.131156459817477533e-01 1.201799596617764004e-01
6.419342853840205587e-02 6.419342853840205587e-02 8.253596603820702315e-02 1.197885393051739411e-01 1.235187215920649645e-01
6.945377642731177803e-02 6.945377642731177803e-02 9.213990951019039588e-02 1.337291931706178771e-01 1.321259029273095242e-01
5.315810930529065587e-02 5.315810930529065587e-02 7.804893756874782540e-02 1.111038949349016230e-01 1.097724564277431647e-01
6.085185574722353635e-02 6.085185574722353635e-02 7.664415901317206403e-02 1.159720931657050869e-01 1.160302724566025373e-01
9.948226788576143564e-02 8.887025897110353845e-02 8.906635824374954657e-02 1.257590528091595272e-01 1.358453336226078945e-01
8.383413658120038303e-02 8.383413658120038303e-02 7.803923529176381990e-02 1.229181370454386357e-01 1.246984155349793316e-01
7.168675228340709582e-02 6.127567615818436952e-02 7.790753400949988750e-02 1.178559153270856696e-01 1.228258262659957384e-01
5.866540680651460143e-02 5.866540680651460143e-02 5.866540680651460143e-02 9.413064745082858065e-02 1.034296774372252120e-01
5.136440013844935371e-02 4.487956000165015114e-02 4.487956000165015114e-02 7.918761805861060377e-02 8.715493209392002893e-02
5.182451723916319669e-02 5.182451723916319669e-02 5.182451723916319669e-02 7.895398445596461812e-02 7.943768171786069754e-02
6.584497521675834741e-02 6.584497521675834741e-02 6.584497521675834741e-02 8.460355186149470796e-02 8.306878153922375718e-02
4.746355978205401421e-02 4.746355978205401421e-02 4.746355978205401421e-02 9.448559655807224622e-02 9.534190824086377636e-02
4.746652529846053653e-02 4.746652529846053653e-02 4.746652529846053653e-02 1.113518130255687355e-01 1.261378034386788916e-01
3.646044598522130142e-02 3.646044598522130142e-02 3.646044598522130142e-02 9.262492478772693660e-02 9.950651106084047737e-02
4.149902020013725851e-02 4.149902020013725851e-02 4.149902020013725851e-02 8.991899925589943998e-02 9.981942213113224882e-02
7.400765351676398540e-02 6.007501230526041819e-02 6.007501230526041819e-02 1.090942110607605736e-01 1.259557026460098039e-01
6.496248972549586997e-02 6.496248972549586997e-02 6.496248972549586997e-02 9.505277525523400661e-02 9.737197740030614779e-02
6.119332150710708740e-02 5.637652751953554919e-02 5.637652751953554919e-02 7.405415703729498200e-02 6.968305353910683730e-02
5.137149030332132521e-02 5.534075934642434386e-02 5.534075934642434386e-02 7.270603392325603043e-02 7.949577498947114906e-02
7.566225424699515867e-02 7.566225424699515867e-02 7.566225424699515867e-02 7.696710743241616526e-02 9.501795137395303847e-02
9.485619260431334132e-02 8.294576227323133266e-02 8.294576227323133266e-02 1.093649178997386923e-01 1.055288058161891335e-01
5.222455804752439840e-02 5.222455804752439840e-02 5.222455804752439840e-02 9.863262186897590877e-02 1.182253926136481170e-01
6.833741327604556104e-02 6.833741327604556104e-02 6.833741327604556104e-02 6.996003075955584127e-02 6.726285692079697620e-02
3.925701005872547777e-02 3.925701005872547777e-02 3.925701005872547777e-02 6.896645127089817695e-02 7.827584213050318984e-02
6.009059613339900324e-02 6.009059613339900324e-02 6.009059613339900324e-02 6.604123396990221884e-02 7.664157525513209945e-02
2.891759667460440039e-02 2.891759667460440039e-02 2.891759667460440039e-02 5.863446940317548067e-02 6.719689591731423106e-02
4.751575789005196837e-02 4.751575789005196837e-02 4.029674037290100624e-02 6.790012592316409246e-02 8.817224894884745368e-02
4.673119640952666520e-02 4.673119640952666520e-02 2.847521435634279771e-02 5.247479850351870895e-02 6.137606199430232362e-02
3.294388903193529172e-02 3.294388903193529172e-02 3.294388903193529172e-02 6.236534447809530257e-02 8.886990982801476480e-02
3.839576299985273528e-02 3.839576299985273528e-02 3.839576299985273528e-02 5.465644728238982369e-02 6.835193473826613186e-02
3.710543661828989703e-02 3.449432898058168301e-02 3.449432898058168301e-02 5.540443548453371364e-02 6.309151032794438341e-02
4.596131731260642145e-02 4.596131731260642145e-02 3.908423065427788640e-02 5.046831630622829190e-02 7.783022951073108320e-02
5.475230951855922928e-02 5.475230951855922928e-02 5.475230951855922928e-02 7.926514183774387157e-02 9.791773804769739187e-02
3.512619838132403222e-02 3.928871297551221609e-02 3.512619838132403222e-02 4.381861307293385271e-02 7.010790834991335874e-02
2.093353240680941377e-02 2.134956546273905631e-02 2.134956546273905631e-02 3.528487552378270498e-02 5.535655569049802160e-02
3.170536698609354581e-02 3.170536698609354581e-02 3.170536698609354581e-02 5.382821427988792456e-02 6.409527342652732163e-02
1.768922808654861331e-02 1.768922808654861331e-02 1.768922808654861331e-02 3.616584952084529736e-02 4.968891608447936759e-02
3.169388558409956536e-02 3.169388558409956536e-02 3.169388558409956536e-02 4.574938063376683683e-02 6.563875848221860376e-02
4.262775959066431725e-02 3.907521876062658439e-02 3.907521876062658439e-02 4.309051288069734587e-02 7.100435447967665126e-02
2.708722905632375555e-02 2.708722905632375555e-02 2.708722905632375555e-02 4.308796885496942591e-02 5.834284258268791074e-02
2.482927089353495834e-02 2.482927089353495834e-02 2.482927089353495834e-02 3.243883104851693483e-02 4.715063530014546728e-02
4.224119893624814909e-02 4.224119893624814909e-02 5.574537317594108199e-02 6.004658543506831425e-02 8.128586741306183250e-02
5.171194319922790827e-02 3.967591775508221702e-02 3.967591775508221702e-02 4.654026309564145841e-02 7.262736904777269964e-02
4.406084788012888664e-02 3.886015062311586055e-02 3.886015062311586055e-02 4.406084788012888664e-02 5.967220935631557116e-02
4.527638510583271297e-02 4.527638510583271297e-02 2.956477725787943350e-02 4.527638510583271297e-02 6.356172395594728020e-02
3.384436538369907377e-02 3.750990480961997192e-02 3.711489920303431833e-02 3.750990480961997192e-02 3.874699655469900778e-02
4.928260405123987414e-02 6.309940414231622607e-02 4.545034732057198767e-02 6.309940414231622607e-02 6.277480638094207199e-02
6.776881649528827822e-02 7.065055395990803289e-02 6.804636959384501027e-02 7.065055395990803289e-02 7.102313457270983954e-02
3.137718528033030946e-02 3.798357034591088449e-02 3.137718528033030946e-02 3.798357034591088449e-02 5.115471806951014944e-02
4.559329072830944907e-02 4.520712456842809063e-02 5.075741063754224403e-02 4.114836589341641648e-02 5.599285885555928266e-02
5.190256104446769325e-02 4.537901123604011488e-02 4.537901123604011488e-02 4.778932313416243277e-02 4.433454526390986916e-02
5.376688854020748171e-02 5.099048235444719746e-02 5.376688854020748171e-02 6.782177661806786106e-02 6.285618823831605473e-02
5.609719221874256978e-02 5.609719221874256978e-02 4.230105715579707965e-02 5.429606179460111370e-02 5.451516534925329727e-02
4.375886419268417565e-02 5.194703671844271703e-02 4.375886419268417565e-02 5.880935201421271658e-02 4.719678726145199593e-02
3.862746656221106162e-02 4.561499372496525401e-02 5.192327111971040826e-02 8.838061128971808067e-02 5.669206892581144658e-02
5.651577282233483795e-02 5.651577282233483795e-02 5.499350015119899848e-02 8.128075593708065927e-02 6.572511149769402761e-02
7.920298215676034592e-02 3.834786664036724663e-02 4.721297158025227619e-02 9.763498438834705695e-02 7.920298215676034592e-02
5.672173108216180953e-02 6.538788738548821644e-02 7.099029572853625403e-02 1.084256597068828931e-01 8.551966300441260493e-02
5.458728507222296300e-02 5.458728507222296300e-02 5.458728507222296300e-02 1.224562836350368555e-01 9.828810125644198148e-02
4.794450110486157823e-02 5.330380481959542949e-02 5.330380481959542949e-02 1.122377751113489558e-01 9.559677928812061742e-02
5.813218507313389072e-02 6.138213204129570194e-02 6.953296104270767497e-02 1.253308615192801345e-01 1.072566315492241434e-01
5.165368912350921243e-02 6.058932216072361598e-02 6.058932216072361598e-02 1.147950392677905690e-01 7.333382217775627487e-02
9.242109212831647880e-02 8.577239883821415056e-02 8.233694117030063153e-02 1.107380658442514987e-01 7.600638854427420321e-02
7.331438247740040826e-02 7.331438247740040826e-02 7.331438247740040826e-02 1.669784555911665025e-01 1.197319568928932598e-01
8.197858525802230456e-02 8.988194139056118748e-02 8.988194139056118748e-02 1.644485596550536999e-01 1.015954300032653190e-01
4.753522832679150240e-02 4.408101858602436057e-02 4.753522832679150240e-02 1.413211897290328756e-01 1.309744253068254594e-01
6.170648389977759218e-02 5.968714765613204742e-02 5.968714765613204742e-02 1.368222759618196172e-01 1.115656018869021632e-01
8.054024988088005765e-02 6.054800262805290489e-02 6.054800262805290489e-02 1.148446417848351941e-01 1.255304423162918459e-01
4.306862794757296969e-02 4.306862794757296969e-02 4.306862794757296969e-02 1.074400173278648174e-01 1.084823450606952622e-01
4.480155311779513566e-02 4.480155311779513566e-02 4.480155311779513566e-02 1.032560989621490455e-01 1.111508722701689544e-01
5.512414475808041087e-02 6.005490750969606079e-02 7.085495290829185722e-02 1.438949299950298411e-01 1.161429579084063551e-01
7.232479701932036098e-02 7.232479701932036098e-02 7.955025181589277239e-02 1.337178605140879883e-01 1.344878443667937851e-01
8.865432761083148760e-02 8.856664200379572860e-02 8.865432761083148760e-02 1.574687298485180631e-01 1.717424930162059493e-01
8.449949939429039769e-02 9.540852705659391697e-02 8.304929910064356990e-02 1.437770217052031230e-01 1.397189260273573042e-01
7.222147237899710637e-02 7.222147237899710637e-02 8.543837976319181016e-02 1.350883129702276364e-01 1.320699799840175381e-01
1.035329115522323207e-01 1.035329115522323207e-01 1.085785424067663291e-01 1.936686644179530792e-01 1.691040369231958385e-01
1.095427797772117323e-01 7.409185755518415961e-02 6.905083036800897800e-02 1.824121788323816995e-01 1.757950356040265394e-01
5.249456964519733787e-02 6.174162935939636609e-02 6.174162935939636609e-02 1.468229992685853025e-01 1.474947865434227401e-01
6.739655026282703743e-02 6.739655026282703743e-02 6.958258628469982110e-02 1.649132301680867052e-01 1.257242475786271296e-01
6.119282270560705284e-02 6.119282270560705284e-02 6.119282270560705284e-02 1.372570345809992487e-01 1.366501185621734893e-01
7.584507995596490026e-02 5.720090640791571091e-02 5.720090640791571091e-02 1.175993268339377007e-01 1.218656046150121824e-01
6.581694216648664719e-02 6.894741801631809608e-02 6.248693597353511403e-02 1.340163695362317497e-01 1.513218552051166788e-01
4.760405990239628682e-02 4.374667614940887933e-02 4.674321390892240830e-02 1.001975797309315463e-01 1.391667527722895981e-01
7.136185803069668154e-02 6.530642564195179856e-02 6.530642564195179856e-02 1.043286277774188031e-01 1.131608335408960386e-01
8.289853022557024109e-02 8.289853022557024109e-02 8.289853022557024109e-02 1.188842732787124129e-01 1.197438819223216599e-01
6.951154922409899517e-02 7.214028904434195699e-02 7.214028904434195699e-02 8.750860097645904445e-02 8.802326074730855432e-02
6.786666284598638632e-02 7.006539192169883301e-02 7.006539192169883301e-02 8.766967987416723895e-02 8.339038060849682243e-02
6.755284855429725954e-02 6.799079367540140917e-02 6.799079367540140917e-02 8.273010749871008429e-02 8.572421846770240939e-02
6.014625749528753479e-02 7.300418374038596114e-02 7.300418374038596114e-02 7.878825827194887998e-02 8.951909914667477430e-02
5.793113859450360614e-02 6.755188319475857739e-02 6.755188319475857739e-02 9.053891276114794939e-02 1.103439681103113718e-01
8.765814247159636752e-02 7.869086686904144812e-02 8.376311111202656978e-02 9.102247646646567658e-02 1.065346948839771823e-01
6.418458420988058799e-02 6.418458420988058799e-02 6.418458420988058799e-02 6.733648306342439327e-02 9.530280289881541689e-02
7.189980858786719498e-02 7.189980858786719498e-02 7.189980858786719498e-02 6.644775234144766063e-02 8.558416000457075290e-02
8.490526780241801352e-02 8.789136662047364323e-02 8.789136662047364323e-02 9.031894873567872239e-02 9.732957924005213035e-02
6.725270309405086133e-02 7.445038096054562571e-02 7.445038096054562571e-02 6.614009836515763463e-02 9.700152064668653151e-02
7.027535554207742230e-02 6.516610878466071177e-02 7.027535554207742230e-02 7.628966249801924504e-02 9.800481429366086905e-02
6.653650360952573228e-02 7.543927072527602251e-02 6.653650360952573228e-02 8.333434748233430056e-02 9.096093099927919645e-02
5.954753260706639045e-02 5.954753260706639045e-02 5.954753260706639045e-02 6.954274563042653345e-02 9.707612864982577416e-02
6.652370075067390309e-02 6.652370075067390309e-02 6.652370075067390309e-02 7.059034858997940975e-02 9.429645115074732076e-02
6.798601856012544131e-02 5.411913381214135399e-02 5.411913381214135399e-02 5.275172310399225961e-02 8.742611560579974239e-02
5.858016954520178787e-02 5.858016954520178787e-02 5.858016954520178787e-02 6.920063633945590376e-02 9.032574329405025637e-02
6.263573808180694646e-02 5.331431279777124749e-02 5.331431279777124749e-02 6.263573808180694646e-02 7.993340968933235202e-02
6.470283704122671564e-02 5.634666706362572580e-02 5.634666706362572580e-02 6.618222922581991352e-02 8.330544061728285821e-02
5.713778848667327298e-02 5.713778848667327298e-02 5.713778848667327298e-02 6.882309479953367670e-02 7.997259951578584991e-02
4.794067647981051922e-02 4.794067647981051922e-02 4.794067647981051922e-02 6.437063015605058724e-02 8.452054783685312989e-02
6.679347504584313977e-02 6.280390880079503302e-02 6.280390880079503302e-02 7.409873635602558239e-02 9.912509348966179468e-02
6.664404675226835717e-02 5.968516232340170119e-02 5.968516232340170119e-02 6.094515704692350655e-02 7.332097752915524291e-02
5.741425672479519987e-02 5.741425672479519987e-02 5.741425672479519987e-02 6.808168897677815967e-02 7.727726355104315437e-02
4.765586854758708385e-02 4.765586854758708385e-02 4.765586854758708385e-02 5.763619055280055220e-02 6.102836115716925997e-02
6.027099622063444850e-02 5.017986161884905455e-02 5.017986161884905455e-02 6.447428344866339145e-02 7.937578419743333835e-02
4.833567355919382580e-02 4.833567355919382580e-02 4.833567355919382580e-02 6.227919402801714022e-02 6.634231402179548154e-02
5.914593272342096725e-02 5.914593272342096725e-02 5.914593272342096725e-02 6.325197257722454947e-02 6.330234125358297215e-02
6.248042820379067636e-02 6.248042820379067636e-02 6.248042820379067636e-02 7.566037847998373367e-02 7.567210936573094682e-02
4.877604854006626495e-02 5.255585670543135718e-02 5.255585670543135718e-02 7.307245743531656790e-02 7.136451084523420807e-02
4.889113355491820495e-02 5.306467646198729377e-02 5.509626211275318874e-02 6.961025381024056602e-02 6.705626451777400854e-02
5.112850483056624595e-02 4.548572819397191797e-02 4.823986549036502619e-02 6.023912066978254209e-02 6.751416969166437743e-02
5.437680911176087650e-02 4.673973194765453087e-02 4.589123101450616471e-02 7.162174303198183545e-02 7.760796728159793934e-02
