2.178327333014059286e-01
1.850926768107325759e-01
1.460528736480976864e-01
2.578644582440403066e-01
1.854842093583568829e-01
1.548909992918703904e-01
1.629739607004853930e-01
9.141691625899152351e-02
1.966383445945182606e-01
8.220568974593822631e-02
8.713212402987088878e-02
5.799472739348675993e-02
4.591949336546982674e-02
7.820624680196097689e-02
9.298083620213370981e-02
7.217288296065632602e-02
6.549660771213447474e-02
9.047190150113641749e-02
6.321757377179804127e-02
9.023303286379047439e-02
7.733205866031425679e-02
7.110020649892639932e-02
9.699160905720566328e-02
6.958745962145287955e-02
7.205719612309768873e-02
8.489880705219558787e-02
5.118663125458883939e-02
8.605752181324706485e-02
7.147180704995903522e-02
8.533760083783407946e-02
6.963606629813885729e-02
7.402900929008587871e-02
9.293029158574923898e-02
1.348368334079287079e-01
8.845579820491568379e-02
6.352284424049636780e-02
8.174330039924092295e-02
9.261610277459672580e-02
8.014051913641140334e-02
1.153583060633166096e-01
6.521904786429071066e-02
9.879327672808373151e-02
8.707633394972558172e-02
6.749696017193471120e-02
8.798446596355904981e-02
7.840142016876229525e-02
5.986628126183750342e-02
8.141472854171295792e-02
8.702254749838979342e-02
7.205522523540675017e-02
6.100400709113500824e-02
7.110732007094225371e-02
7.322171267671737094e-02
5.967720233874825725e-02
8.104441712708354562e-02
7.340426868821756101e-02
8.040454773521206466e-02
7.561302499545510813e-02
7.513245307982240051e-02
6.003504595136849309e-02
5.938392561459227004e-02
7.024462939869542677e-02
6.484252385965499910e-02
6.832141715795166104e-02
7.399824289982413761e-02
6.540466774930139837e-02
8.189913279495981968e-02
6.485105437139668250e-02
7.885318984612392501e-02
8.315008890627724469e-02
6.423961688083140720e-02
7.110904578975479895e-02
6.963938373793289449e-02
7.775064298535329377e-02
7.062521089253454010e-02
6.041218322476575586e-02
6.284593057253991255e-02
7.478411656275581187e-02
7.850473809442479189e-02
6.275386279344219442e-02
8.271161299305486436e-02
6.627307367433488139e-02
4.901645142128891602e-02
4.418646104362457250e-02
6.197514709582043618e-02
5.052532253383121286e-02
7.415714121011912630e-02
5.775941985952199459e-02
6.877734273659619202e-02
5.797831312334564280e-02
6.253612209970427216e-02
6.476325335388087578e-02
5.047066009950499504e-02
4.795640227172644210e-02
7.748334639363423093e-02
3.867003086206106943e-02
7.690324547459531646e-02
4.234982346646828238e-02
3.898442091189466274e-02
3.042092227157676063e-02
2.653758296811113346e-02
4.774623570310849996e-02
3.546978321223059893e-02
4.794629937173583434e-02
3.089970536723645952e-02
3.262090605424566858e-02
4.842441837980293595e-02
2.298915806120086988e-02
3.447669930782984449e-02
3.607295334497931383e-02
3.704780991569287668e-02
3.048726595922823454e-02
3.823156591543651339e-02
3.077853405331399880e-02
2.073246223019136261e-02
2.097268020862516971e-02
3.365391852300377712e-02
3.230876247450773647e-02
4.465777241241655066e-02
4.503462847934159435e-02
3.536530231467310131e-02
6.203584134067514910e-02
4.565277323106479990e-02
3.858052797323509309e-02
4.595322766936806025e-02
6.874158123170923118e-02
5.127579704229859314e-02
7.504299221977156487e-02
4.791079689990593998e-02
5.275575089587022926e-02
5.291895753543503916e-02
6.085056368463696158e-02
6.512494691092267363e-02
5.350588654225466728e-02
7.876542880221869269e-02
5.743676123114133114e-02
6.475597768604399174e-02
5.652949914691213912e-02
6.737960199261470995e-02
5.311680806297711110e-02
8.252401270620497720e-02
4.976789033561106884e-02
5.421664364162262495e-02
6.581528693129161389e-02
7.360094664231679740e-02
5.874840751438221292e-02
4.556927613589621673e-02
7.518520255256538887e-02
5.432177147751129226e-02
1.027351682456439930e-01
1.006069115138169406e-01
6.760550530190032048e-02
6.317799988635816599e-02
6.128086464438302350e-02
4.606392949495968780e-02
6.534134112678793849e-02
4.003089455781988493e-02
6.712659866921968921e-02
6.188305523216117848e-02
7.421050705151294169e-02
7.206504658308743316e-02
5.508305852502015654e-02
6.877991657467953657e-02
6.320165881883695047e-02
8.334343463032028998e-02
6.854631446132965211e-02
7.065963055718073316e-02
6.201656738029300009e-02
5.798713767827926718e-02
6.834894849629280511e-02
7.198582421843596757e-02
7.203929218817395341e-02
7.296861537505328066e-02
6.138190090337396210e-02
7.212113674112619055e-02
6.242239589454529752e-02
6.623573967729033674e-02
5.741081147925274769e-02
5.440307621705707530e-02
5.384792655508223447e-02
5.388083148096120545e-02
7.404687688165781378e-02
4.685262872524271344e-02
5.436000689170852884e-02
6.347445888440754469e-02
4.987958120884675162e-02
5.470620101055870266e-02
4.201742541909268130e-02
4.714300558774636024e-02
5.190394734084095851e-02
4.686104125792871916e-02
