2.627074874824087414e-01
2.150118701794806464e-01
1.906924541649624161e-01
2.942432476720500123e-01
2.646734540004799796e-01
1.432724986493728869e-01
1.118294004277104320e-01
1.062456612016254714e-01
2.352245025869954820e-01
7.179430489029035856e-02
8.060244707693614563e-02
5.807673421221477839e-02
6.593155541523225416e-02
9.331830571020285903e-02
9.192635728201484224e-02
7.490955208450170155e-02
7.599856175503946765e-02
1.274860883586261540e-01
6.546794224161411879e-02
7.419651847324851279e-02
6.507799310208275956e-02
7.991279561351025129e-02
7.433631075781792219e-02
1.047664213518044313e-01
6.221698402489622692e-02
5.718847579549220239e-02
4.661577500670095742e-02
7.553614603839332864e-02
8.999121271431231861e-02
7.507662689836772096e-02
8.173947754152997847e-02
7.191248348627347908e-02
5.567864571869893253e-02
1.686742985661708327e-01
1.238218651251634245e-01
7.781429085997662587e-02
8.017269717337512092e-02
9.464664985269118092e-02
8.328189242652075941e-02
8.193703960432077715e-02
6.323203088946771633e-02
7.244435793169130833e-02
9.260373104983621317e-02
1.066655213230651156e-01
9.658811474465309188e-02
7.134240966121002669e-02
6.930483177785398685e-02
9.065585421433366986e-02
8.890394689896304048e-02
6.232755393540605204e-02
8.043002877795754624e-02
6.837316092415593460e-02
7.616390434847614133e-02
7.492281168713031680e-02
6.686049659915618837e-02
7.261527247224459913e-02
8.207189798367553468e-02
8.538190553309524256e-02
7.982840221268758252e-02
8.908107106262103114e-02
8.400524456001941254e-02
8.203343272065127811e-02
7.663762217214198369e-02
9.076047798371066067e-02
7.846651927730864673e-02
6.764609274059958655e-02
6.883810161333933642e-02
7.485469103579640848e-02
6.713416495066387712e-02
7.668862552868814519e-02
5.335912037191195556e-02
7.694407302805474080e-02
8.304980873289681542e-02
7.943165884503197716e-02
5.518773080627385752e-02
6.744359350506597128e-02
8.993285773136305838e-02
5.948176673467087811e-02
6.226227174434171424e-02
6.123315946730307352e-02
5.747660432629652510e-02
5.765784653257556569e-02
4.677108211206113669e-02
6.087573946806991432e-02
5.985204343179086756e-02
5.577292094966225522e-02
8.307375528444808921e-02
5.984222898552864905e-02
5.522087481911830409e-02
7.480919275454941952e-02
5.774324608951527521e-02
8.322275129228441648e-02
7.277173301746743539e-02
6.098682476596376661e-02
8.250160720859088526e-02
4.551013939309634521e-02
7.708198661887126490e-02
3.838878452676652148e-02
5.867530851404512832e-02
2.664881129314349006e-02
3.318487160376058093e-02
2.007104240996286995e-02
4.514839312164740243e-02
3.363593050895705844e-02
3.827964356693207976e-02
4.153042942851253166e-02
3.159834824349849053e-02
4.216498103270442666e-02
2.406636244306734063e-02
3.691064438358497568e-02
3.211953449671799826e-02
3.484250026461585548e-02
3.051469652704668148e-02
5.260794377504697528e-02
2.887715418939654222e-02
2.985501450403382773e-02
3.941507885966680919e-02
4.703274408581732680e-02
3.848446976383192858e-02
4.227404077908809149e-02
4.499908219458747388e-02
4.230301663248475785e-02
4.585043661352158906e-02
3.316479867191808595e-02
9.573728523634029985e-02
5.619792463923421050e-02
4.942726039125073384e-02
8.362093576192686228e-02
5.318292683269985888e-02
6.733704370806491146e-02
6.853500630818093464e-02
5.984492697877111939e-02
5.206142069306637227e-02
4.966082196452054759e-02
5.519348066697553346e-02
4.819154017660649131e-02
9.264311242077918895e-02
7.725245563459963438e-02
6.900507048833486035e-02
7.972693660979401908e-02
5.593006152124035957e-02
5.226025026282066915e-02
5.778626916763648230e-02
4.642871428297017794e-02
6.229543719034594945e-02
7.187097240380528607e-02
7.080547578097219630e-02
6.790539264351540261e-02
6.079490355225705689e-02
1.039601137368193068e-01
7.750957836959983249e-02
8.156169226797187199e-02
6.007515886431819691e-02
6.162475253456681928e-02
5.345135901071326745e-02
5.935573896085197254e-02
1.133813165063206896e-01
6.940932584227865743e-02
4.304028582460295987e-02
8.706281196665686950e-02
7.258408079233362453e-02
7.650968265216874509e-02
6.579453328292689251e-02
5.660983850050554239e-02
9.269167027044568352e-02
6.510831782679950275e-02
7.807380729334462144e-02
6.396856833722755487e-02
6.768637161810056591e-02
7.111987450739364058e-02
8.117384199862755223e-02
4.575018834289712455e-02
5.377926663193237367e-02
4.795287989285351021e-02
6.817152368566141429e-02
6.266789403359211696e-02
5.709541987763677717e-02
7.220647220515967468e-02
7.298222263910718322e-02
5.926003612085937317e-02
7.192149507062406411e-02
5.815899520444163528e-02
5.877043361766417368e-02
4.710830509225510249e-02
5.838244081106906680e-02
5.180153027437917057e-02
6.540323981180079516e-02
5.022463641219759856e-02
5.998085632197476535e-02
4.888859663739644063e-02
5.675920897345418381e-02
