3.413003161950164954e-01
1.750022736001113632e-01
1.561790797754963322e-01
2.289794316341926539e-01
2.244221035333886782e-01
1.679708931836068619e-01
1.245262106505275468e-01
1.120474431427689044e-01
1.948839051065451300e-01
5.895675607991952838e-02
1.051810061337942886e-01
4.924298757615046956e-02
5.565209072902251725e-02
9.938794606722886615e-02
1.086536265558069592e-01
6.948465298289856207e-02
7.273059141352447576e-02
9.600884332381193209e-02
6.108007192853714962e-02
7.065808714406938973e-02
6.837033527890599982e-02
8.315171604312415754e-02
6.903381503645437955e-02
1.116144513307477243e-01
6.440953842499706761e-02
4.785303764469584636e-02
4.432759322319256012e-02
7.135953864563333859e-02
7.370136610612930406e-02
7.378980023581586944e-02
7.005902565508134727e-02
1.019807567381836172e-01
6.241983194741640428e-02
1.175881795660249501e-01
1.186272146419809909e-01
6.542711933066920615e-02
7.248872627166511040e-02
8.264006176922916724e-02
9.662489965887610666e-02
7.952754140987849940e-02
8.529361918246508578e-02
8.344703117949593685e-02
9.620588043609072659e-02
9.366245091693840841e-02
9.306069843391126528e-02
8.026675747090024349e-02
6.569519205245692717e-02
6.986759340638559745e-02
7.120705849431674395e-02
6.546431871418770254e-02
8.144640845843520438e-02
7.099238384661722689e-02
5.865067224198412810e-02
8.178931240433827410e-02
8.792334467942329590e-02
7.922499963336138151e-02
7.758043984020715489e-02
8.157270332122643075e-02
7.928072270582378622e-02
7.022867902243400129e-02
8.631316938614291834e-02
6.796843250343270748e-02
7.172287396614630828e-02
8.465407463723252646e-02
8.137756844000755552e-02
7.166010073714433604e-02
8.010005426674789153e-02
5.962035016201893550e-02
7.828635269874262281e-02
5.695934694849932173e-02
6.527550213776879551e-02
7.032894473117771994e-02
6.292084381227798506e-02
6.384433346022121147e-02
5.938790763277632806e-02
5.962388927213162909e-02
6.223497867522727323e-02
8.037148557345906441e-02
7.052907474449031378e-02
6.071864202885344369e-02
5.398729889741956528e-02
5.546268927244018404e-02
4.811573707825075180e-02
4.288540075287225473e-02
5.033792950942539424e-02
6.222005063198675356e-02
6.616861331965571968e-02
5.035282418763092904e-02
3.979674516080067975e-02
8.335620575662831822e-02
5.680703832756338334e-02
7.529639269552255987e-02
5.580820128361127508e-02
5.347069068047732854e-02
1.108617185769587427e-01
3.040393609209248935e-02
5.813807806416144280e-02
4.578694335920258790e-02
5.451361605324958615e-02
3.516699193827621528e-02
4.639730090649332728e-02
3.360926133721902492e-02
3.864766172670200395e-02
4.181441252390000196e-02
3.083225871865024129e-02
3.275342816841651100e-02
3.423211152391318624e-02
4.393918306043113203e-02
3.199866055832688294e-02
3.795823509817698727e-02
3.278182098495665414e-02
4.173532597312179515e-02
3.548294852956498241e-02
2.978713675386345655e-02
2.857074604225250114e-02
5.267257617208211118e-02
4.468468349551310559e-02
2.760868670766812930e-02
4.120341131386966865e-02
4.152133302180838897e-02
6.540973655653281593e-02
6.345531249681694852e-02
3.578330075062419874e-02
6.131777169496863134e-02
4.734149132635212531e-02
5.721604878710664227e-02
5.848182181327808704e-02
4.993660335430515768e-02
4.577052361415426263e-02
6.709037668651383901e-02
5.954380564327130254e-02
6.137584384798110831e-02
6.948012636041729639e-02
5.639168778673061405e-02
5.677549310532723631e-02
5.553201123420094948e-02
5.445204345101829074e-02
7.389392607893233156e-02
6.945538490353218852e-02
3.723932457330592083e-02
5.885873984787470814e-02
9.816161730431754995e-02
6.689067076116465838e-02
5.795505426827789186e-02
6.454914728082794539e-02
6.920008963189509810e-02
6.138023325430910088e-02
6.539709147278345569e-02
7.124425494795760816e-02
8.768112754040831291e-02
6.641955163061664946e-02
8.148774847902669205e-02
5.659203587013793280e-02
6.356101118019605312e-02
4.132004423408742327e-02
6.104264666591036059e-02
6.429552126713129756e-02
7.671069175748718161e-02
7.651830286777709655e-02
8.597121682540767584e-02
7.876565876824906387e-02
7.374610111109308752e-02
6.636732419531758687e-02
6.479426458979570258e-02
8.890402619404688678e-02
6.546332526456327683e-02
7.402763153217417624e-02
5.958662772481336523e-02
5.327555384237459696e-02
6.999413000366072612e-02
7.697677689180323912e-02
5.439689642873302144e-02
6.930965408669648165e-02
6.139654901073449828e-02
7.435822808381804816e-02
5.151374707679445136e-02
5.393776603733960867e-02
7.552578249694223700e-02
5.902403832521312815e-02
5.291131421073461821e-02
6.234004664605716228e-02
8.026278893818949989e-02
5.105527140255732704e-02
5.919758774451964328e-02
4.543319744970501783e-02
5.315430532268435732e-02
4.757523891184745751e-02
4.501869455290165301e-02
5.072524052179890747e-02
4.257799803598414506e-02
4.568360666200438347e-02
