2.659128766262703891e-01
2.063194380722946364e-01
1.407427953469865267e-01
2.825408373059757339e-01
1.887753434867697755e-01
1.562803557676660515e-01
1.107847009238201591e-01
1.078615331014862594e-01
1.683468912241255222e-01
9.433940047338508494e-02
8.628378406774808718e-02
4.869194612560710789e-02
6.644660627248910600e-02
9.216939990789839443e-02
9.606556881708379347e-02
7.860871711625508351e-02
7.168666675333609795e-02
1.000996739130495666e-01
6.869396421859212676e-02
1.231161704470762758e-01
6.395460427878750520e-02
6.305528720107331231e-02
9.050631556482977014e-02
1.562020592551028042e-01
7.344805636196828635e-02
7.123343879378378485e-02
6.178095904069157152e-02
8.425229920544159701e-02
6.410644508994546575e-02
9.450802375596681348e-02
6.936488228994684702e-02
5.434319263005266132e-02
8.696974547780417231e-02
1.613942202274104565e-01
9.007741064874176529e-02
8.356783863749586705e-02
8.972455263842214757e-02
9.211247079381670866e-02
7.139477511713218649e-02
7.779265677027916159e-02
6.271472346106136964e-02
8.495963003936392310e-02
1.241372293780959035e-01
7.764644345268338632e-02
9.545073875752128900e-02
9.998845816090615179e-02
8.747396561798195802e-02
8.642799106357215710e-02
8.710477745118834492e-02
8.337985967371649987e-02
7.028480467825776179e-02
9.125294317167428892e-02
7.142034847617240167e-02
6.880673346651186573e-02
8.839858850656331923e-02
9.915028759914416845e-02
6.655754889604682811e-02
7.680762518619750623e-02
7.892518289741126680e-02
7.084177699918967064e-02
8.510489314826583107e-02
6.813146404559351776e-02
7.587407506817417380e-02
6.847332711880639577e-02
6.901239762966855651e-02
6.890787265129645622e-02
7.818446102763303152e-02
7.641649509284795250e-02
7.223944922776176503e-02
7.374817939416536405e-02
4.184511941763861820e-02
8.427091352146169612e-02
6.801880872974096215e-02
5.921179353958175295e-02
5.635260146058604369e-02
6.862708875584264123e-02
6.043476070005378287e-02
4.735825109313563513e-02
7.987809982869255310e-02
6.268458772060826745e-02
5.899533457436464262e-02
5.524760462858479410e-02
3.939909509723376474e-02
5.164855052286866643e-02
5.995364268359119203e-02
5.921935220153259904e-02
6.372543288187605681e-02
5.874936586720428539e-02
8.613624363623595404e-02
6.114383249156309791e-02
7.763255179085017110e-02
6.351708522398201440e-02
6.318910142688244358e-02
5.399781881018036328e-02
6.956712122534884635e-02
6.625204997396193229e-02
5.377828739969495869e-02
5.425503665799302072e-02
3.518339699532024856e-02
3.399512427034658696e-02
3.266991656550554540e-02
3.407781833442546232e-02
3.331897391699967237e-02
4.001103979658289511e-02
3.509740677714973806e-02
3.348310849875246048e-02
4.003717121468461371e-02
2.138612432243906791e-02
5.659266638970705809e-02
3.083764505915606927e-02
2.915018675985865323e-02
4.107596523753365841e-02
3.035103356304899233e-02
4.163345357170444849e-02
3.422300665641945377e-02
3.328051235908428135e-02
5.480406389808003403e-02
3.103656038890643953e-02
2.608731866791265397e-02
3.479362028704090226e-02
4.919242157036450569e-02
3.914997292544770968e-02
4.528030924200916740e-02
3.689046271017552836e-02
4.424489852111214427e-02
4.588489619887429344e-02
5.657840555265050697e-02
5.950777275915982573e-02
5.369490112598627324e-02
5.637549314930451888e-02
7.230505107942629406e-02
7.321144761052890415e-02
6.701214717376519081e-02
4.986005576291911712e-02
6.912699634685223748e-02
6.032464486258419523e-02
6.472789635726138024e-02
6.829835302865816526e-02
4.852422427495851204e-02
6.654455460207372997e-02
6.781881365419008267e-02
5.329085728420716178e-02
7.741178695403759524e-02
5.412554489128117152e-02
5.514467043965046167e-02
6.107076471639055759e-02
7.907966228958758503e-02
8.889481718576920655e-02
8.196714116743576695e-02
9.829166197073813116e-02
1.163838088609383259e-01
7.790433878664006218e-02
5.712133154984737338e-02
5.114482316356925434e-02
5.247680005354964788e-02
5.666271016209276090e-02
4.419328719091027147e-02
6.363376516207937261e-02
5.247747266527947457e-02
7.801198679075597997e-02
7.675891674005679011e-02
7.375608172353560754e-02
7.209367097606583785e-02
8.186463261755110021e-02
9.521059194671314951e-02
6.977469510718510570e-02
5.291225413840942166e-02
6.725012196144686261e-02
5.329529715724674876e-02
4.756836719095370453e-02
7.793665601240815088e-02
5.186911871615057512e-02
5.781353302121140791e-02
6.372686081534108260e-02
6.422725981701310483e-02
7.320051315472309028e-02
6.697436933852958518e-02
6.490900034899300952e-02
4.939835962681592141e-02
4.804267841872449790e-02
5.684635544037221905e-02
6.525057535379337470e-02
5.172077806563716434e-02
4.322632314663969050e-02
5.111325891756902939e-02
4.580574924733131492e-02
4.780628697603205024e-02
4.265752233397813314e-02
4.159032400275444047e-02
4.774525665653182871e-02
4.303615923616147670e-02
