2.823410727027843570e-01
2.791158188426253184e-01
1.796586677373867569e-01
2.310084387242996307e-01
2.768013247803519650e-01
1.581480601293591970e-01
9.393852948964233340e-02
1.117968538966104819e-01
1.295818157991971697e-01
6.692188797561665625e-02
8.352861585037588132e-02
4.932688767281972336e-02
5.540209459559761185e-02
9.515086606777160838e-02
1.135586263186191824e-01
5.929285523143362768e-02
7.352135228114257959e-02
9.914977549909835541e-02
8.089890755446603465e-02
7.480985906184368928e-02
5.281673414504836628e-02
7.759326705071951935e-02
9.062550795895114863e-02
9.719424146173928636e-02
7.937711990889546876e-02
5.583105512273589532e-02
4.699132469035758458e-02
7.333129736107289742e-02
7.894945119964832947e-02
7.939748701674542719e-02
9.160868930362442430e-02
6.995415582420801137e-02
8.058320031859712851e-02
1.187942320389393930e-01
9.197589693539556799e-02
7.668571728838803614e-02
7.887052079140841054e-02
1.146562786630015290e-01
7.068582941868535585e-02
9.577451695596543579e-02
5.867334118145241251e-02
1.030815511412624119e-01
7.671739928164539313e-02
8.947927691881764345e-02
6.829777717926534264e-02
8.267258322635959167e-02
7.359880790100163661e-02
6.894457544075366373e-02
8.062710591497965207e-02
8.369208783985354616e-02
7.650739421293209497e-02
5.488131134775247472e-02
8.399761689729641490e-02
8.087819035236019916e-02
8.414045135333925174e-02
6.871810369453268397e-02
8.183108111577459820e-02
8.769902645141142150e-02
6.777996838978081473e-02
6.232889811513331324e-02
7.067474583760982587e-02
7.902055677402998468e-02
6.619590683604061054e-02
7.629856772886375871e-02
6.417741777653324098e-02
7.102272460515761388e-02
5.018543611001168026e-02
6.598617680669753571e-02
6.749379224802787292e-02
6.261602125696941190e-02
5.184131646025139095e-02
6.791104032536526836e-02
5.896400122090414420e-02
6.482383476410548406e-02
5.796603156907413623e-02
6.589421989290807080e-02
6.035344987332767752e-02
5.693857892916476954e-02
8.510011821627996853e-02
5.428399221378055195e-02
7.233685582496064692e-02
6.605259857086906439e-02
5.227776053235648479e-02
4.510685971628407981e-02
4.567871038743629569e-02
4.969830145992688852e-02
4.139107203260319195e-02
4.333960904812867582e-02
5.193926485038014712e-02
7.102805812288803811e-02
6.888038145112983235e-02
4.754086192197517352e-02
4.738743455812303995e-02
4.580086798466093817e-02
7.989752417516081395e-02
4.125867101511810492e-02
6.073301932785431234e-02
3.712722282893395065e-02
4.510177162990777755e-02
2.456194895622651822e-02
3.864573932120109884e-02
3.127398100154365340e-02
5.510494196069394557e-02
2.566638915419348216e-02
2.861383105501734761e-02
3.992826498499489618e-02
5.298716155140822254e-02
3.193351147265638401e-02
3.036447249194213632e-02
3.365977293353302618e-02
3.500963212810373482e-02
3.843770616607666835e-02
2.645122417390987496e-02
4.630916910794987545e-02
3.431096231491694015e-02
3.455178494424770291e-02
4.934406905451384218e-02
5.134338637991851806e-02
4.486973036477878013e-02
3.936565344518710291e-02
3.312737784286148846e-02
3.588306675106435473e-02
3.670047034530427715e-02
5.273713398425165094e-02
3.799737224706911665e-02
6.445575890373235473e-02
5.789915601798963085e-02
1.033065731917396646e-01
5.531167309378912100e-02
5.060189538277023308e-02
5.943433592247505948e-02
6.591741113635778138e-02
5.098599728098902190e-02
5.045487869001730186e-02
5.357626809377863397e-02
6.818168771840309172e-02
1.112384534082248300e-01
4.411901432573350768e-02
5.476554589937301237e-02
4.854674412881922196e-02
5.166504328551940750e-02
5.558984504238565633e-02
5.886569912829225232e-02
4.347708768028445830e-02
6.052038310347288008e-02
8.289991055840317813e-02
8.565171039957937549e-02
6.242803356853611485e-02
8.139195242331953573e-02
9.376239987890098992e-02
7.549350128293917661e-02
7.549280285652505695e-02
7.181496159797422230e-02
6.928251616829712856e-02
5.459801405379560713e-02
7.047491124811429419e-02
4.766566001892737214e-02
5.224078277001257403e-02
8.262154514918290671e-02
7.189036447907987126e-02
8.031126748513545133e-02
7.339264465820166672e-02
6.169205812858687826e-02
7.232277135546609503e-02
1.005531335601641957e-01
6.152002492332325767e-02
4.576644532666731408e-02
6.644835220458060465e-02
3.746790234722783414e-02
6.579267160293553185e-02
6.823270428846243962e-02
6.559143405228907986e-02
6.086568194925924546e-02
6.903272808254808102e-02
7.353532540591527222e-02
7.835384386714557003e-02
7.297768572057818093e-02
5.173410321559938907e-02
5.243471949086084272e-02
6.284642166014732523e-02
6.057363316861361091e-02
6.304749970563860995e-02
3.775863769598665487e-02
5.053198211167143905e-02
6.222196191392439374e-02
4.731784594416070522e-02
6.315752127865743859e-02
4.250570437057180073e-02
5.582680866061010688e-02
5.817630772547133233e-02
4.557489987388170516e-02
