2.823410727027843570e-01 2.823410727027843570e-01 2.823410727027843570e-01 2.823410727027843570e-01 2.823410727027843570e-01
2.433030243426034245e-01 2.791158188426253184e-01 2.791158188426253184e-01 2.791158188426253184e-01 2.791158188426253184e-01
1.979190383024106437e-01 1.979190383024106437e-01 1.979190383024106437e-01 1.979190383024106437e-01 1.979190383024106437e-01
2.310084387242996307e-01 2.310084387242996307e-01 2.310084387242996307e-01 2.310084387242996307e-01 2.310084387242996307e-01
2.768013247803519650e-01 2.768013247803519650e-01 2.768013247803519650e-01 2.768013247803519650e-01 2.768013247803519650e-01
1.595150374111639346e-01 1.494107430585012997e-01 1.581480601293591970e-01 1.581480601293591970e-01 1.581480601293591970e-01
9.393852948964233340e-02 9.772955391568370620e-02 1.492732659212930857e-01 1.492732659212930857e-01 1.492732659212930857e-01
1.147898296393078943e-01 1.117968538966104819e-01 1.147898296393078943e-01 1.147898296393078943e-01 1.147898296393078943e-01
1.913346576180680880e-01 1.295818157991971697e-01 1.391239742366423560e-01 1.391239742366423560e-01 1.391239742366423560e-01
6.462704085089397699e-02 7.002942462884748087e-02 6.692188797561665625e-02 6.692188797561665625e-02 6.692188797561665625e-02
8.352861585037588132e-02 8.352861585037588132e-02 8.352861585037588132e-02 8.352861585037588132e-02 8.352861585037588132e-02
4.932688767281972336e-02 4.932688767281972336e-02 4.949653577083985151e-02 4.949653577083985151e-02 4.949653577083985151e-02
4.841527674432279799e-02 5.540209459559761185e-02 5.540209459559761185e-02 5.540209459559761185e-02 5.540209459559761185e-02
9.117023013047478863e-02 9.515086606777160838e-02 9.652261060818309590e-02 9.652261060818309590e-02 9.652261060818309590e-02
1.130704634280244314e-01 1.130704634280244314e-01 1.130704634280244314e-01 1.130704634280244314e-01 1.130704634280244314e-01
6.117698436183320598e-02 6.428775203797414128e-02 6.117698436183320598e-02 6.117698436183320598e-02 6.117698436183320598e-02
7.294601875465868412e-02 7.367748874771722079e-02 7.352135228114257959e-02 7.352135228114257959e-02 7.352135228114257959e-02
9.473113406749027188e-02 9.914977549909835541e-02 9.914977549909835541e-02 9.473113406749027188e-02 9.473113406749027188e-02
8.089890755446603465e-02 8.517907912363700818e-02 8.089890755446603465e-02 8.517907912363700818e-02 8.517907912363700818e-02
8.012368945607907522e-02 7.480985906184368928e-02 7.821818980256711740e-02 7.480985906184368928e-02 7.480985906184368928e-02
5.281673414504836628e-02 5.668908199715644303e-02 5.281673414504836628e-02 6.888741070453646698e-02 6.888741070453646698e-02
9.791829185734532426e-02 8.367897360267381734e-02 8.044839815799735561e-02 7.759326705071951935e-02 7.759326705071951935e-02
8.942158970546409957e-02 8.840157023317277152e-02 9.062550795895114863e-02 9.062550795895114863e-02 9.062550795895114863e-02
9.497279684555230694e-02 9.497279684555230694e-02 9.719424146173928636e-02 9.719424146173928636e-02 9.719424146173928636e-02
8.407203435569736427e-02 8.407203435569736427e-02 7.937711990889546876e-02 7.937711990889546876e-02 7.937711990889546876e-02
6.086822873046813381e-02 6.086822873046813381e-02 5.583105512273589532e-02 5.583105512273589532e-02 5.583105512273589532e-02
5.517950434489023170e-02 4.190812213683012960e-02 4.190812213683012960e-02 4.699132469035758458e-02 4.699132469035758458e-02
7.333129736107289742e-02 6.869670085567777806e-02 6.869670085567777806e-02 7.333129736107289742e-02 7.333129736107289742e-02
7.894945119964832947e-02 7.220890492651123316e-02 7.894945119964832947e-02 7.894945119964832947e-02 7.894945119964832947e-02
7.939748701674542719e-02 7.939748701674542719e-02 7.939748701674542719e-02 7.939748701674542719e-02 7.939748701674542719e-02
7.783494323141612603e-02 7.783494323141612603e-02 9.160868930362442430e-02 9.160868930362442430e-02 9.160868930362442430e-02
7.758829124683677692e-02 7.758829124683677692e-02 7.758829124683677692e-02 6.995415582420801137e-02 6.995415582420801137e-02
8.503949686509297556e-02 8.503949686509297556e-02 8.058320031859712851e-02 8.058320031859712851e-02 8.058320031859712851e-02
1.329122189245944829e-01 1.109303578940811358e-01 1.109303578940811358e-01 1.187942320389393930e-01 1.187942320389393930e-01
6.830746918471965190e-02 8.903022224449992639e-02 9.197589693539556799e-02 9.197589693539556799e-02 9.197589693539556799e-02
7.668571728838803614e-02 7.404425317293938935e-02 7.668571728838803614e-02 7.668571728838803614e-02 7.668571728838803614e-02
7.341805195354764169e-02 7.096406869913141069e-02 7.887052079140841054e-02 7.887052079140841054e-02 7.887052079140841054e-02
1.123966691716772742e-01 1.096874766613470664e-01 1.229266247737624551e-01 1.146562786630015290e-01 1.146562786630015290e-01
7.205782682160208341e-02 7.205782682160208341e-02 7.068582941868535585e-02 8.194647244134965758e-02 8.194647244134965758e-02
7.908188220756003084e-02 8.243769280408005939e-02 9.577451695596543579e-02 1.068340051226956966e-01 1.068340051226956966e-01
7.309881593988196147e-02 6.434563082683839030e-02 5.867334118145241251e-02 8.697349199673831688e-02 8.697349199673831688e-02
1.030815511412624119e-01 1.030815511412624119e-01 1.030815511412624119e-01 1.246124702993179623e-01 1.246124702993179623e-01
7.772976154477782840e-02 7.772976154477782840e-02 7.772976154477782840e-02 8.377560923060732578e-02 8.377560923060732578e-02
8.947927691881764345e-02 9.256732922518916273e-02 8.947927691881764345e-02 9.221891191291482770e-02 9.221891191291482770e-02
6.829777717926534264e-02 6.829777717926534264e-02 6.860483441730720611e-02 7.641082456048542415e-02 7.641082456048542415e-02
8.267258322635959167e-02 8.267258322635959167e-02 8.267258322635959167e-02 8.886823453023262598e-02 8.886823453023262598e-02
7.359880790100163661e-02 7.359880790100163661e-02 7.359880790100163661e-02 8.075116999125643569e-02 8.075116999125643569e-02
6.894457544075366373e-02 6.894457544075366373e-02 6.894457544075366373e-02 7.834747079238477130e-02 7.834747079238477130e-02
8.062710591497965207e-02 8.062710591497965207e-02 8.062710591497965207e-02 9.085725174901632117e-02 9.085725174901632117e-02
8.875669570696294308e-02 8.369208783985354616e-02 8.369208783985354616e-02 8.875669570696294308e-02 8.875669570696294308e-02
1.027513495617274619e-01 7.650739421293209497e-02 7.650739421293209497e-02 1.027513495617274619e-01 1.027513495617274619e-01
7.570524934593676758e-02 5.488131134775247472e-02 5.488131134775247472e-02 6.780987921978813560e-02 6.780987921978813560e-02
8.399761689729641490e-02 8.399761689729641490e-02 8.399761689729641490e-02 9.120796653701626622e-02 9.120796653701626622e-02
8.087819035236019916e-02 8.087819035236019916e-02 8.087819035236019916e-02 8.296362201596077512e-02 8.296362201596077512e-02
7.850232192113001939e-02 9.010046926066915540e-02 9.010046926066915540e-02 8.414045135333925174e-02 8.414045135333925174e-02
5.639535879256734469e-02 5.639535879256734469e-02 5.909738727775248196e-02 6.871810369453268397e-02 6.871810369453268397e-02
8.116108276532239818e-02 8.116108276532239818e-02 8.116108276532239818e-02 8.183108111577459820e-02 8.183108111577459820e-02
7.402514502180893019e-02 8.178124938892666895e-02 8.178124938892666895e-02 8.769902645141142150e-02 8.769902645141142150e-02
7.084329338035252888e-02 7.084329338035252888e-02 7.084329338035252888e-02 6.777996838978081473e-02 6.777996838978081473e-02
6.097814954144154670e-02 6.229182212622937781e-02 6.229182212622937781e-02 6.232889811513331324e-02 6.232889811513331324e-02
7.154997439226416789e-02 7.046467956292425117e-02 7.046467956292425117e-02 7.067474583760982587e-02 7.067474583760982587e-02
8.406762554542483723e-02 8.125776397901639247e-02 8.125776397901639247e-02 7.902055677402998468e-02 7.902055677402998468e-02
6.559374245353576105e-02 6.559374245353576105e-02 6.158315206927909152e-02 6.619590683604061054e-02 6.619590683604061054e-02
6.843860334375546917e-02 6.843860334375546917e-02 7.629856772886375871e-02 9.707026170410530674e-02 9.726150479931433557e-02
6.417741777653324098e-02 6.417741777653324098e-02 6.417741777653324098e-02 8.594047231093822348e-02 8.594047231093822348e-02
7.564211033288568975e-02 7.102272460515761388e-02 7.102272460515761388e-02 8.742486001538511686e-02 8.956619412575791972e-02
5.018543611001168026e-02 5.018543611001168026e-02 5.755452893533704456e-02 7.065928522419499813e-02 7.174176669941692563e-02
5.715273923237062376e-02 6.598617680669753571e-02 6.598617680669753571e-02 7.506038707522097453e-02 7.618080249940251125e-02
6.397538880378383919e-02 6.397538880378383919e-02 8.371597908097440366e-02 9.483963106318124558e-02 9.432805130423527196e-02
6.786480395380342645e-02 6.261602125696941190e-02 6.922468938817590012e-02 9.403032257138457806e-02 9.615570610267469565e-02
5.482279794299636105e-02 6.445367807800012061e-02 5.968452407865353776e-02 9.520182554765577176e-02 9.438684930539387175e-02
7.619993146560942454e-02 7.619993146560942454e-02 8.398001613276179222e-02 9.916733132575800136e-02 9.819294771181223680e-02
5.986625406189011872e-02 5.896400122090414420e-02 7.791815274941177316e-02 1.081628406519392072e-01 1.061079271980861355e-01
6.482383476410548406e-02 6.482383476410548406e-02 8.922989368254616305e-02 1.156828875888021996e-01 1.213557754017259710e-01
5.796603156907413623e-02 5.796603156907413623e-02 7.721442905055851680e-02 1.163220261724299820e-01 1.201753103749842178e-01
7.100460209207871964e-02 6.589421989290807080e-02 8.988466382693736934e-02 1.319779298378059851e-01 1.363599925693703141e-01
7.076394884219486259e-02 6.035344987332767752e-02 8.108808511869970703e-02 1.206326640469702338e-01 1.227343659627700700e-01
5.693857892916476954e-02 5.693857892916476954e-02 8.030120880603287825e-02 1.159533002412213853e-01 1.208120743067604419e-01
7.990595085948955234e-02 7.990595085948955234e-02 1.011854314590830972e-01 1.140905032596667840e-01 1.126819629052138449e-01
6.233516809694115285e-02 5.751051187813549515e-02 5.827558455310452579e-02 1.020554248073375775e-01 1.079133116032224282e-01
7.233685582496064692e-02 7.233685582496064692e-02 7.567955019591629529e-02 1.215637625330640570e-01 1.186500950739240029e-01
6.605259857086906439e-02 6.605259857086906439e-02 6.201322497776917686e-02 9.217604594375097826e-02 9.874022649935286500e-02
5.227776053235648479e-02 5.227776053235648479e-02 6.510056716704459845e-02 8.657347784597511919e-02 8.785057767752040003e-02
5.660149896682409310e-02 4.510685971628407981e-02 5.718943607092630277e-02 6.507767525235512440e-02 6.830428493801213308e-02
5.305107490322443636e-02 4.567871038743629569e-02 4.567871038743629569e-02 8.735443254047120520e-02 9.473549045183879413e-02
4.969830145992688852e-02 4.969830145992688852e-02 4.969830145992688852e-02 8.887710464554465783e-02 9.681469190283205351e-02
4.139107203260319195e-02 4.139107203260319195e-02 4.139107203260319195e-02 9.435561306018731831e-02 9.705405722111663802e-02
5.286848089246233562e-02 4.333960904812867582e-02 4.333960904812867582e-02 7.270618608379929293e-02 7.586750456978717805e-02
6.252662623729234037e-02 5.193926485038014712e-02 5.193926485038014712e-02 7.791168952320287611e-02 8.238303551163771166e-02
7.102805812288803811e-02 7.102805812288803811e-02 7.102805812288803811e-02 1.180299971226007882e-01 1.272580876303343600e-01
6.888038145112983235e-02 6.888038145112983235e-02 6.888038145112983235e-02 8.375186829100393637e-02 8.678508895889072705e-02
6.977981004655163522e-02 4.754086192197517352e-02 4.754086192197517352e-02 6.374770536616357341e-02 7.256020907826049582e-02
5.671039526090709132e-02 4.738743455812303995e-02 4.738743455812303995e-02 8.911307949810344520e-02 1.054796593039396824e-01
4.580086798466093817e-02 4.580086798466093817e-02 4.580086798466093817e-02 7.560222488474353797e-02 9.526372775273624083e-02
7.989752417516081395e-02 7.989752417516081395e-02 7.989752417516081395e-02 6.961787009343106680e-02 7.911338413059511299e-02
4.506004855500313905e-02 4.125867101511810492e-02 4.125867101511810492e-02 7.400546724973605661e-02 8.658244058988584513e-02
7.329341895496725712e-02 6.073301932785431234e-02 6.073301932785431234e-02 6.722488547965747852e-02 7.213700915469963004e-02
3.712722282893395065e-02 3.712722282893395065e-02 3.712722282893395065e-02 7.528806146405848942e-02 8.877689987114105452e-02
4.774930712362812635e-02 4.510177162990777755e-02 4.510177162990777755e-02 5.565220943092997335e-02 6.347188253614910458e-02
2.456194895622651822e-02 2.456194895622651822e-02 2.456194895622651822e-02 5.656455598350215719e-02 7.573428363807396813e-02
3.864573932120109884e-02 3.864573932120109884e-02 3.864573932120109884e-02 5.262658129229012133e-02 7.388531490245732469e-02
3.857367249204730897e-02 3.127398100154365340e-02 3.127398100154365340e-02 5.391642675494594944e-02 6.339259599171144510e-02
5.510494196069394557e-02 5.510494196069394557e-02 5.510494196069394557e-02 6.391154757972586364e-02 8.354567934782559935e-02
2.566638915419348216e-02 2.566638915419348216e-02 2.566638915419348216e-02 4.903637242371663985e-02 6.479020431116704060e-02
2.861383105501734761e-02 2.861383105501734761e-02 2.861383105501734761e-02 5.672185043905562246e-02 7.573759832894090549e-02
3.992826498499489618e-02 3.992826498499489618e-02 3.992826498499489618e-02 4.997714372428081059e-02 7.256672958499646442e-02
5.298716155140822254e-02 5.298716155140822254e-02 5.298716155140822254e-02 7.652535346302163921e-02 8.419198701419905451e-02
3.144196942263126349e-02 3.649946201218544350e-02 3.193351147265638401e-02 3.705723654770057274e-02 6.673637327941937814e-02
3.036447249194213632e-02 3.036447249194213632e-02 3.036447249194213632e-02 4.604111886648776936e-02 6.785415616063798783e-02
3.920249900471477200e-02 3.365977293353302618e-02 3.365977293353302618e-02 5.889119222622079403e-02 7.467121728684726623e-02
3.162805248966022581e-02 3.500963212810373482e-02 3.500963212810373482e-02 5.229534993263398185e-02 6.948822727627805562e-02
3.843770616607666835e-02 3.843770616607666835e-02 3.843770616607666835e-02 5.688621424555850153e-02 9.131099814517770752e-02
2.645122417390987496e-02 2.645122417390987496e-02 2.645122417390987496e-02 4.033254498334021970e-02 7.112244948203481909e-02
4.630916910794987545e-02 4.630916910794987545e-02 4.630916910794987545e-02 5.572675679998098652e-02 7.833961794080963881e-02
3.431096231491694015e-02 3.431096231491694015e-02 3.431096231491694015e-02 4.309319234881126698e-02 6.399103080574704283e-02
3.455178494424770291e-02 3.455178494424770291e-02 3.455178494424770291e-02 5.934312013429211136e-02 8.672979786994385043e-02
4.641593815878870821e-02 4.934406905451384218e-02 4.934406905451384218e-02 4.724197995693305702e-02 6.864013821817785410e-02
5.134338637991851806e-02 5.134338637991851806e-02 5.134338637991851806e-02 5.097229419987400756e-02 6.008101764610374040e-02
4.549111744615585984e-02 4.549111744615585984e-02 4.486973036477878013e-02 4.213606079855200526e-02 5.726229521820046936e-02
4.144098581999377390e-02 4.096760508043795213e-02 3.936565344518710291e-02 4.144098581999377390e-02 5.456721759631914803e-02
4.015302309962026639e-02 4.015302309962026639e-02 3.312737784286148846e-02 4.051348464281855077e-02 4.804216084318521651e-02
4.081216727991405363e-02 3.588306675106435473e-02 3.588306675106435473e-02 4.933441577385143384e-02 4.990512824013099147e-02
3.498111537214733391e-02 3.498111537214733391e-02 3.670047034530427715e-02 3.988936777024278124e-02 6.136929705824428760e-02
5.273713398425165094e-02 7.098517643647217490e-02 5.418959067535488588e-02 5.273713398425165094e-02 5.208910560144804081e-02
4.574704345015141727e-02 4.154274803791043608e-02 3.799737224706911665e-02 4.574704345015141727e-02 5.017111094155009277e-02
5.348828265785914721e-02 4.876994024478301798e-02 4.808308407649034694e-02 6.445575890373235473e-02 5.766847945331152886e-02
4.414512619605157062e-02 5.789915601798963085e-02 4.414512619605157062e-02 5.789915601798963085e-02 5.917684959392550959e-02
6.266928842927325938e-02 7.462036691921519749e-02 6.266928842927325938e-02 1.033065731917396646e-01 8.065362806557292707e-02
4.571386460385595124e-02 4.571386460385595124e-02 5.531167309378912100e-02 8.272651510792529417e-02 6.226023296057987128e-02
7.023559753061872635e-02 5.060189538277023308e-02 5.060189538277023308e-02 6.680311148260711929e-02 7.766939695599126003e-02
4.194844628012171783e-02 5.943433592247505948e-02 5.943433592247505948e-02 8.844777170362981555e-02 7.823518711935739667e-02
6.265416776024083922e-02 6.265416776024083922e-02 6.591741113635778138e-02 1.024577993383292834e-01 8.896861656454953249e-02
5.098599728098902190e-02 5.098599728098902190e-02 6.467379036803434789e-02 1.421544174759312440e-01 1.157550377850005974e-01
5.045487869001730186e-02 6.088879181661334405e-02 5.045487869001730186e-02 1.001905318761594915e-01 7.655902077825013641e-02
6.174177565617423175e-02 6.174177565617423175e-02 5.357626809377863397e-02 1.187325187374945606e-01 9.379574793255571197e-02
6.818168771840309172e-02 6.818168771840309172e-02 6.818168771840309172e-02 1.444456108474223288e-01 1.065629186499384845e-01
1.302099743322470971e-01 1.112384534082248300e-01 1.112384534082248300e-01 1.486967297476222138e-01 1.261454432276105653e-01
4.265513507219834827e-02 4.411901432573350768e-02 4.411901432573350768e-02 1.488741785494734071e-01 1.068783933385140383e-01
3.619338731800592068e-02 5.476554589937301237e-02 5.476554589937301237e-02 9.458307352287849412e-02 6.933078031788489359e-02
6.709208070430920656e-02 4.854674412881922196e-02 4.854674412881922196e-02 1.269953496400260951e-01 9.850706616138024674e-02
4.891366437173132881e-02 5.166504328551940750e-02 5.166504328551940750e-02 1.492293185927882626e-01 1.305343665477971260e-01
5.558984504238565633e-02 5.558984504238565633e-02 5.558984504238565633e-02 1.306407097881921997e-01 1.177691404606431430e-01
5.886569912829225232e-02 5.886569912829225232e-02 5.886569912829225232e-02 1.148806339764116558e-01 1.089898895760906539e-01
4.347708768028445830e-02 4.347708768028445830e-02 4.347708768028445830e-02 1.129041338448730364e-01 9.743298774102283899e-02
6.791267557747014683e-02 6.052038310347288008e-02 6.052038310347288008e-02 1.366309900982704828e-01 1.228099435924690230e-01
1.083434574026169023e-01 8.289991055840317813e-02 8.289991055840317813e-02 1.412672105111150156e-01 1.469233051007151347e-01
1.133705992942840579e-01 1.133705992942840579e-01 1.133705992942840579e-01 1.956445589075599123e-01 2.146828007893336332e-01
9.372804585691632551e-02 6.242803356853611485e-02 7.871425356154976294e-02 1.185361029260214027e-01 1.306266648512607320e-01
8.139195242331953573e-02 8.139195242331953573e-02 8.139195242331953573e-02 1.290677353618603085e-01 1.177689323271016303e-01
9.240593830380315621e-02 9.376239987890098992e-02 9.240593830380315621e-02 2.012148294392192283e-01 1.774614640624171680e-01
7.549350128293917661e-02 7.549350128293917661e-02 7.549350128293917661e-02 1.816688434765793003e-01 1.606037145055303483e-01
7.549280285652505695e-02 7.549280285652505695e-02 7.549280285652505695e-02 1.774483351387311780e-01 1.496849436272725264e-01
7.173731116615528203e-02 7.181496159797422230e-02 7.181496159797422230e-02 1.536468545989354839e-01 1.429349486017554016e-01
6.928251616829712856e-02 6.928251616829712856e-02 6.928251616829712856e-02 1.475353052347254668e-01 1.474879741705253933e-01
5.459801405379560713e-02 5.459801405379560713e-02 5.459801405379560713e-02 1.179469579782577437e-01 1.310214483710982203e-01
7.337077291001610491e-02 7.337077291001610491e-02 7.047491124811429419e-02 1.213762204599927036e-01 1.087445782177047932e-01
5.236734830749272679e-02 5.236734830749272679e-02 4.766566001892737214e-02 1.027542576670412156e-01 1.413613169856364760e-01
5.224078277001257403e-02 5.224078277001257403e-02 5.224078277001257403e-02 9.636998038307929837e-02 1.089309046252013718e-01
8.280790019185349515e-02 8.262154514918290671e-02 8.262154514918290671e-02 1.205736455383397132e-01 1.353909198832335958e-01
8.359812287753987103e-02 7.513283563046853353e-02 7.189036447907987126e-02 9.149886350418309777e-02 9.679890345469488455e-02
7.529889164542223623e-02 8.456705177114361149e-02 8.031126748513545133e-02 8.515526639730715275e-02 9.988654311961782384e-02
7.674703611549330007e-02 7.105313498232762592e-02 7.105313498232762592e-02 7.954322219384710180e-02 8.486878111117235335e-02
5.498784722301028327e-02 5.498784722301028327e-02 5.498784722301028327e-02 7.873869026311997033e-02 1.089317527278161057e-01
6.892634633569574842e-02 6.892634633569574842e-02 6.892634633569574842e-02 7.902992044606177435e-02 1.212903902210552554e-01
1.005531335601641957e-01 1.005531335601641957e-01 1.005531335601641957e-01 1.065239179989693058e-01 1.342237187279471666e-01
8.059054997938151776e-02 6.152002492332325767e-02 6.152002492332325767e-02 6.402532891869389120e-02 8.146792048672854558e-02
4.576644532666731408e-02 4.387759316871888554e-02 4.387759316871888554e-02 5.665765513989513141e-02 7.006813376832669860e-02
6.644835220458060465e-02 6.770226537564201508e-02 6.770226537564201508e-02 6.543609588129149779e-02 1.059609682243322221e-01
3.746790234722783414e-02 5.253082328969598674e-02 5.253082328969598674e-02 5.798080256961424261e-02 8.303317281181189780e-02
6.573882032703765033e-02 6.765892926851069245e-02 5.453766740563416315e-02 6.579267160293553185e-02 8.262389581011231332e-02
5.803183468147813523e-02 5.803183468147813523e-02 5.803183468147813523e-02 6.823270428846243962e-02 9.676144606557504635e-02
4.922701449957655323e-02 4.922701449957655323e-02 4.922701449957655323e-02 6.559143405228907986e-02 8.928488635862762146e-02
5.446250670830592167e-02 5.446250670830592167e-02 5.446250670830592167e-02 6.086568194925924546e-02 8.141738687338134772e-02
6.903272808254808102e-02 5.756348566226867497e-02 5.756348566226867497e-02 6.903272808254808102e-02 8.393237102839969099e-02
6.258884505280512545e-02 7.070985120413209035e-02 7.070985120413209035e-02 7.353532540591527222e-02 9.663813074818748683e-02
6.897853203971701652e-02 6.897853203971701652e-02 6.897853203971701652e-02 7.835384386714557003e-02 9.306745106597905104e-02
6.714160093409091146e-02 6.446417921235189641e-02 6.446417921235189641e-02 7.297768572057818093e-02 9.639299333113540702e-02
5.173410321559938907e-02 5.173410321559938907e-02 5.173410321559938907e-02 6.593662552301185475e-02 8.820915856222705242e-02
5.243471949086084272e-02 5.243471949086084272e-02 5.243471949086084272e-02 5.904902211073122242e-02 7.504165948512751816e-02
6.284642166014732523e-02 6.284642166014732523e-02 6.284642166014732523e-02 7.045849447745834715e-02 8.440044213926080341e-02
6.413492284185333403e-02 6.057363316861361091e-02 6.057363316861361091e-02 6.439363240390715004e-02 7.565424788359965957e-02
6.304749970563860995e-02 6.304749970563860995e-02 6.304749970563860995e-02 6.259962243489392009e-02 8.168105131340000491e-02
4.322202127075683298e-02 3.775863769598665487e-02 3.775863769598665487e-02 4.778775958395413415e-02 6.074567478378402330e-02
5.213248994886602455e-02 5.053198211167143905e-02 5.053198211167143905e-02 6.700398816111603761e-02 8.228999378223011973e-02
6.222196191392439374e-02 6.222196191392439374e-02 6.222196191392439374e-02 7.450068242254286044e-02 8.285263197733615248e-02
4.731784594416070522e-02 4.731784594416070522e-02 4.731784594416070522e-02 6.390994488531691331e-02 6.411648086197725693e-02
5.542814163814033246e-02 6.315752127865743859e-02 6.315752127865743859e-02 7.106313286928069017e-02 8.050828633885404040e-02
4.637110346841814834e-02 4.250570437057180073e-02 4.250570437057180073e-02 6.358519661877463924e-02 6.631304632757994977e-02
5.035685105201025136e-02 5.582680866061010688e-02 5.582680866061010688e-02 6.891011001550494119e-02 6.719509438291378089e-02
4.917331792347419406e-02 4.917331792347419406e-02 5.817630772547133233e-02 8.198855542795835394e-02 8.443835089112895764e-02
4.681241659582151271e-02 4.273522536088326246e-02 4.557489987388170516e-02 7.062404720589003648e-02 7.431110008481796314e-02
