3.582940818043180431e-01
2.679134666390806108e-01
1.496390888985421330e-01
2.727472844566323218e-01
2.594471717086196949e-01
1.238411188711467242e-01
1.336075954467348670e-01
1.318214859601577471e-01
2.018295016554199905e-01
8.416284291499534498e-02
8.606191806451075899e-02
6.707938131371725399e-02
4.684609387375841122e-02
1.015590937698832436e-01
1.111189097511988827e-01
9.816961147386725484e-02
7.291562332176541872e-02
1.084621187498345241e-01
6.902203727137670719e-02
9.306254882004368068e-02
8.372810058203435102e-02
7.199020678391435113e-02
8.036061408797012806e-02
1.110960342623412006e-01
7.940065928444793586e-02
6.416423819137521967e-02
4.270236321541701768e-02
7.492943083631285750e-02
8.302547017718255040e-02
8.940444670587296971e-02
8.502001324514966984e-02
6.258214652130948685e-02
6.916114425981167990e-02
1.063089962950813788e-01
1.363858360105885958e-01
7.688318411769562433e-02
7.422977297067079316e-02
9.842825862310732032e-02
8.924206513671940899e-02
1.086661209546460338e-01
7.983015362649080460e-02
9.780951340927347692e-02
8.274366263791638199e-02
1.082864391726295478e-01
7.768588018450738042e-02
5.678633530814759800e-02
6.301502281284381002e-02
5.449464399451364044e-02
7.842653258145589057e-02
7.853338630987560798e-02
8.189676102604587227e-02
1.108852315953425677e-01
9.331657632831712179e-02
7.805421265697318201e-02
7.174717338822655943e-02
5.749143255975667360e-02
8.281531257444246785e-02
8.067133194600271950e-02
8.538412252020161075e-02
7.185919643260443856e-02
7.266028237726768202e-02
7.238866666294481444e-02
7.482185482423678313e-02
8.266324162282275012e-02
7.042650024332022807e-02
6.074779768952687925e-02
7.085195958804731131e-02
6.622909042728031270e-02
7.930725549701002353e-02
7.063079324516850777e-02
6.204106765806496893e-02
8.360058342886160510e-02
7.208634239564377932e-02
5.956403427908350118e-02
6.178754552280292522e-02
5.848505022497196837e-02
6.370922574706919250e-02
6.918642233111983730e-02
5.122072805654701716e-02
5.605908703449177105e-02
8.009823103174452952e-02
6.961394312604107792e-02
4.944210027898823800e-02
5.458642794934279174e-02
6.536535583233325786e-02
5.382623782544516955e-02
4.748466758349393496e-02
4.118132326422103279e-02
5.669912430198069397e-02
6.526482227456831264e-02
6.018722460406364383e-02
6.348550785833960430e-02
5.515914216946359722e-02
5.666965857370443588e-02
7.634033424587594041e-02
3.976501617981225561e-02
5.558298581222748114e-02
4.604077079995600591e-02
4.524349265572410322e-02
2.322909009933612698e-02
3.596230932160365129e-02
2.543404738692791461e-02
4.362844402172209174e-02
4.626332514143432356e-02
2.627059809330133805e-02
3.404243264852617468e-02
2.553573731151613860e-02
3.025397280065756159e-02
3.118305562886378515e-02
4.764890286853978862e-02
3.550806013965707164e-02
3.634854319177599491e-02
4.372014837832487871e-02
3.222439311779107945e-02
2.678691252005140078e-02
3.551686422722941106e-02
4.139955168702591504e-02
3.406062016366990380e-02
5.636819837753244411e-02
4.998034379979313796e-02
4.040291374843369560e-02
7.570242360614128085e-02
3.602179301558738889e-02
4.686646612351746954e-02
4.253285398406048134e-02
5.865635653229804569e-02
4.411287466607413665e-02
6.098144295924499969e-02
5.902180862377044701e-02
4.870332043480707362e-02
4.791527451201054583e-02
6.199772928387462662e-02
5.608791115952593831e-02
6.382442650272626694e-02
7.795471094915841503e-02
5.225370862225695717e-02
9.305198938968797795e-02
7.379252011293241376e-02
5.814361692318652935e-02
4.925929064896832077e-02
5.754251228688505443e-02
8.935754591615992226e-02
7.748198198893876953e-02
6.629909288231286557e-02
5.718124000403334434e-02
6.916216526183183166e-02
4.166896481886946807e-02
7.897487451042800588e-02
6.236070117052207318e-02
7.678632416552796935e-02
9.974890020996540763e-02
8.213220436295505522e-02
6.327279928525532393e-02
5.730588602722254399e-02
5.967399695928544967e-02
4.772531353923739617e-02
6.790587075325867084e-02
7.193743596650174765e-02
6.924954584258369295e-02
8.473145648264999996e-02
6.808816799307104706e-02
6.504840220834429143e-02
8.419206607819947064e-02
6.083817940858652490e-02
6.918522400626464508e-02
7.218078842733681444e-02
7.663455663123962258e-02
5.495538366024637494e-02
4.659958340503587287e-02
5.809459491289459959e-02
7.736383374133812274e-02
6.759381459796727498e-02
7.150422417215937521e-02
5.551876021489474122e-02
7.404044288111312488e-02
5.681726257131726465e-02
6.468558060109561025e-02
5.233498750703309554e-02
5.285603117857540223e-02
8.035507538055319809e-02
6.085976380901549770e-02
5.700860370267023941e-02
6.401943316024014119e-02
5.428079316972440893e-02
4.544157330384379634e-02
4.750000470305489747e-02
5.245450506204707430e-02
5.224387780703388523e-02
4.785045871734399520e-02
4.842205045037337868e-02
5.052267323369330487e-02
